2.5567517579040606,8.1857187865994305
2.3264511760922812,9.1915394442191438
2.5181434208210147,8.7702666274471373
2.2424140048821077,8.8846504949275822
2.2285869769395044,8.5151366319788711
2.7510520452552552,8.6282121846654931
3.1298155162611248,8.4351594090749238
2.249847776724347,9.2554577610189988
2.7313370892965101,8.5522623471407648
2.5628737234761001,8.5383207133688952
2.0581580994279949,8.9347314566146778
2.3909512620486999,8.9323905501048184
2.0809689476262956,9.2591955836937334
2.4925051620283569,8.7706818121784966
2.280411700372496,8.7359004308791715
2.8731903113110429,8.7704357202507595
2.7836818210817027,8.771977413347475
2.8138377160285772,8.5123241232585283
2.9820815010717894,8.7930643858156383
2.6553589338391861,8.8891535440792389
1.982167324997316,8.7232098266802289
2.8609993285439286,8.9130218787891486
2.0027082486733301,8.9460980024934038
2.1411011387183598,8.3085734120450798
2.210639565230156,9.1917655629142221
2.7075272636489918,9.3131095631676928
2.3959302921943499,9.3234972566381131
1.9420854884883232,9.2215760279026853
2.6396617784709688,8.3346118059827443
2.8685952095664993,8.1244632653845912
2.3348872579538522,9.5446890406774259
2.4478228392491519,8.3367694028300594
2.4545242453976059,9.1330812248589606
2.4635947638162845,9.54390941184203
2.4423181383244859,8.860760887484215
1.8393119251115506,8.4131303387676546
2.0904770858230046,9.1732785199390623
2.3754344096004654,9.0729977399814139
2.4455679816726299,8.4779932428200677
2.526357371006891,8.7809650862680009
2.3180681969593402,8.9613733174544112
2.690152787498385,8.1411931036212692
2.1460397099640511,8.6141304355235846
2.8195132149435587,9.1938922837860559
2.2758746275451953,9.3271476532325348
3.0538814691540357,8.8161511726271975
3.2369984305777777,8.4005492202414143
2.216313258335818,8.8278472412299998
2.1096905123537559,8.8803499957810121
2.5770472965447588,8.4774552142261967
2.3367271374500858,8.8973049594890607
2.0992093874231834,9.3535100060390075
1.9967005921976411,9.0116996380601275
2.6842103665085721,8.9101067674502357
2.8472983567848429,9.2792967215833695
1.8422265301868705,9.0041518704788199
2.4218992501736074,8.8794021564497569
2.1808829931477511,8.9016968826589853
2.0321223789821623,8.9264890651150548
2.5655226408868401,8.5333237318990083
1.8980475402387502,9.2453381210155978
2.2584952111141363,8.3083022084703497
2.9336170742523446,9.2675075426801978
2.5559954138586241,8.9229521961390592
2.0436831946454692,8.6997865687854521
2.1359639665584269,8.5579024374818342
2.2280314934885843,8.8497818749694481
3.1595715436200065,8.8894106364776846
2.197652321695422,9.2238450777559589
1.7777469110572106,8.773057562805084
2.3340647735349727,7.9966585321219998
2.5439865843617095,8.5160823418370839
2.270077185968248,8.8068877986961613
2.156123047429757,8.8176186803542169
2.682332557065402,8.7635725492842571
1.973273980890752,8.6152239800737913
1.9323876865076699,8.9124363698172129
1.9662808493539927,8.7455078195393785
2.6957565457613391,8.5545475521884349
2.5586707592656834,8.4978023730632799
2.4417176885742053,8.7354166543365732
2.2626666739650565,9.5326369550763488
2.5425952988775711,9.0389007291032577
2.452279898903944,8.9468465342744157
3.0118699729262386,9.2242902335292118
2.6475299466703359,8.5819779466303139
2.868260363592658,8.7936866541871357
1.9935710278106862,9.0416630717059654
3.0971040670256911,8.7572947579382419
3.0491097772627329,9.0177802938865881
2.1708086210518984,8.6031831939521322
2.083898672986499,9.3327713505292191
2.2107643114359998,8.8187290993837788
2.4575250803035833,8.8399494029234944
3.0978161610663211,9.2513973915908281
2.0501579831102479,8.6336942942861707
1.9707012008339153,8.9048420562418134
2.5127623734537865,9.0738484203792602
1.9782852506478257,9.1092962681270251
2.3525273854227668,8.1292768555346395
2.2787761814621392,8.4450630580423134
2.409379410333413,8.9124298557347625
2.8754775680546119,8.6776523101326504
2.1704348612716102,8.3972159632981445
2.5357038516783104,8.6927265454501708
2.272986851657008,8.9000841377261395
2.3491050370272779,8.2348995456981484
2.6900459915238906,8.4419960894859596
2.8083964620176816,8.7564158772994318
2.8525862529630857,8.7358755550326244
2.7240395196121168,8.8657333573166515
3.3289352017915417,9.3799571010084435
2.5276850617365256,9.3668200558595114
2.7967731777798104,8.722276464457865
1.9238605351858089,8.9062030930320049
2.2937244914404005,8.7037695939260651
1.9788879868513898,8.730570348303166
1.6220998659893315,8.1148896536557871
2.3289574345617248,8.8838537622470906
2.3254957974785513,9.0161519348349159
2.2226741402537802,8.9973073465929598
2.7922228077106941,9.5106245731651597
2.4749813311099294,8.4970242175068655
2.6564981264776208,8.3888256308620957
3.3617988739925755,9.0359425403029512
2.6596722509345025,8.7600676937780317
2.1392732573540734,9.0185049496938223
2.7430708825003798,8.8138755364949297
2.3628999065030629,9.285057019856664
2.2932710075620704,9.0445983310039217
2.8226558611151216,9.5421231997599776
1.9546861574418932,8.8673661708676459
2.7719572618580148,9.1890860077017198
2.5984625163550725,8.5157875402827798
2.2564279246423649,8.3808334256279515
2.2302339823805011,9.228398621645594
2.9249866573235628,8.5901624501182301
2.3270867710563738,9.569576542354584
2.4060819462853731,8.289273337153805
2.2450856503050001,8.643108803712531
2.5243866931333421,9.0902308272603864
2.4850188569895093,8.268630149740142
2.6752709725632062,8.5467020125776454
2.4492440599604821,9.0245326104739654
2.9916499054889121,8.0182481685872737
2.3243318059966445,8.8023686326548169
2.6185792110560224,8.5304970867419421
2.996223666304747,8.7806654472693797
2.7529528713361788,9.1530996688744164
2.5863085522344527,9.0457149381057089
2.159053018921699,8.2586293110692175
2.6941362349737306,8.9716455979914311
2.0902477921410361,8.6848559898560982
1.379630339613529,8.9298394220103852
2.9088700961931737,9.3433196646892327
2.5749239527614738,8.9121722744490164
2.2897436522924854,8.4763354090991374
2.154783104059327,8.8593470005462454
2.3929457906848413,9.1214046577756669
3.0092603212575977,9.3430676835562672
2.4446788941152526,8.6346691361803565
2.3365743168057032,9.1035616880093926
2.3461099407191122,8.9737954835549196
2.6320137130287162,8.8581725523009247
2.6463922983495691,8.3574767168730109
2.5818964390064076,8.6693266531496267
2.4161565138125112,8.3771951158051241
2.3376952213662703,8.6717923407989836
2.574143058166793,9.5679032882154349
2.1431618399817038,8.451707472533851
2.5407674079922495,8.9253845517438481
1.7594373938883576,8.4566990364643893
2.4330721321824926,9.0539829694949994
2.5034451429244191,9.1837365254665642
2.2649645794537072,9.1981778095189863
2.0869688308499508,8.9543626258686491
2.838691533235588,9.1682275579229842
2.4786790478591949,9.0184518332119481
2.4417272086521158,8.4483745168120343
2.0071690770450004,8.4687824877952274
2.8575870089237903,9.3381823806759989
2.0246023957683703,8.1884820410431374
2.0639722966008347,9.2757213791915802
1.7086984589626688,8.9666119815601988
1.971730426417992,8.5900371291739468
2.6534829558820432,8.0930806598232454
2.8535946739238569,9.0748646817024099
2.4425113097223221,8.0409342209886887
2.3628256897081004,8.5268353899246776
2.5212811726557294,8.4120199869786738
2.1284942859480509,8.9740606367445288
1.8800968584517168,9.1240559538464634
2.061596076386583,8.9254350757348142
2.7532594157683876,8.7750922468219361
3.0038502196562842,9.2922559493329757
2.1591093636162491,8.4112559939228841
2.3366324477990474,8.4899658885088911
2.6332951689031332,9.6438762619319736
2.274330050683063,8.5820410040186665
2.0858379836579304,8.0082980530472252
2.3714446899038042,8.0343546722711086
2.0189046713963075,9.0198306504783954
2.4803873068657971,8.7964880792767488
2.350989297783959,9.1682350808135666
2.0393893976334851,9.1144002025743927
2.0721257839181932,9.0729233442079877
2.2808377764664343,8.9088683313554355
1.7574694053593065,8.7541942555918997
2.4258845308502557,9.0895931995097854
2.2490420325981346,8.221087093689162
2.9061944895752996,8.6321461113829407
2.3849616135179512,8.8379602765317102
2.68234315936393,8.4757805418926804
2.3306276992055066,8.8429995774430701
2.7125275794455082,8.5875606345120907
2.9394521121629502,9.4087980909437245
2.1653165071523413,8.7696965950174288
3.0654129966362933,8.7453575467325084
2.6251476589382796,8.9214135772977059
2.3867689339243676,8.788205943472569
3.1457063304028789,9.2412023184182761
2.5368640755351048,8.7305698562356184
2.5628722076075836,8.4570194915661112
2.8367828180465078,8.8194320717554735
1.9913236408858646,8.6535894853343791
2.695319981548367,8.91995210120057
2.0911816168278246,8.9530499745239407
2.7597014344777278,8.704667312230967
2.3880277950820146,9.0543915393441541
2.3587120218828073,8.8848168167703001
2.471089133472137,9.0833837934181165
2.3257508608982147,8.5389829752726243
2.2527113027279078,8.6651344155661612
2.1715502651687286,9.2016068912814841
2.7633779861943002,8.8248072455859887
2.4415927350184061,8.9482680466874864
2.9400983551191242,9.2843198808004157
2.207069775103836,8.7269411632203333
2.0907033836272584,8.7458274288087132
2.4270537288116203,9.0360381869973061
2.624391182826022,8.6692712825493992
2.2212914412160627,9.1965038732930307
2.7184612620928288,8.8879143593574259
2.0959989675544572,8.9939060480462558
2.3530816027811601,9.110572794504213
2.3524098049188513,8.969618433924305
3.2391565230719794,8.5997591281083121
2.6659429214671602,8.5345797158519048
2.1854364438268754,8.5005219913957504
2.5390026426336743,9.4900397946517518
2.537292703778931,9.1095064287122831
2.5418413459001097,8.5784581964902848
2.2150132154252127,7.8906312341432914
2.4834138984070764,8.6132767364769229
2.3002308826840934,9.0077491053680845
1.6945807579854382,8.8993104511339087
2.3422345417514623,8.8346761902580688
2.3528208456157649,9.1020408290732888
2.3406988815793532,9.3691197938287338
2.9590371976615675,8.2397458137188302
2.3131890174505627,8.260670693705535
2.6678042295676283,8.6300297125734176
2.5842307902191344,8.578126283964
2.5119656816682836,8.9717316653602719
1.8737838804918159,9.3506300860490548
3.0585016947257007,8.3467999699399673
2.4321013120457424,8.8819133353069937
1.721074934664566,8.565487477903778
2.5424993365724973,9.0252572370913828
2.022022232081965,8.6142351937116963
2.951234523566201,8.5635859006518
2.3834270308332486,8.5896455060231833
2.1512466876047203,8.8485607743080816
2.7632329686450587,8.1985772527765448
2.4679940526015729,9.108961076902629
2.5089772872279172,9.0198539543475196
2.5070878460269461,8.7200525261097503
2.5669046349769102,8.940688397401507
2.4737531086755995,9.3157018669424208
2.9938209018430313,8.7280792884187228
2.2870258986879595,8.6990224180431266
1.5315420556231234,8.3089332700410274
2.4864148898637355,8.7417914621756285
2.0354374014714955,9.354490435335455
2.6565682823106047,9.4248499454232633
2.863867707775321,9.262356226770331
1.6628136394702653,8.5448019331677969
2.5559218840887397,8.8917094717831606
2.3399283635644763,9.0747969007384448
2.3118111595197517,8.5950742708120647
2.052408752206321,8.5186144526741501
2.382486849811448,8.33895457314844
2.3675009675350775,8.4516064733837588
2.4443220338127456,8.8249557505950467
3.1140174821691904,9.3400048899932742
2.7697784650303223,8.6710291923104155
2.4027690834021129,9.0415592155992783
1.7810484243213787,9.0094237819245055
2.6882204047632299,8.8852545637999238
2.175660408103592,8.9446066603274801
3.0033956064690392,5.0470600269634813
3.1265455631348318,5.2418468361617974
3.0036467373862883,5.0582170414790673
3.4895046228332309,5.2211451925991863
3.5036355366941461,5.2778356487106404
3.3429120188644696,5.3542448048919233
3.4748642637870684,5.0958616887756891
3.8580968196096626,4.8638209333538232
3.1891618766378995,5.0974877323295127
3.2474678196217699,4.9934194713770594
3.4661292966813622,4.9534069062412422
3.6769331436060981,5.1554391938032831
3.6398530945729433,4.9503686408463148
3.8295091771968819,5.096911967680942
3.5483466602999418,5.5758416892196374
3.3223098236969095,4.8920197355698214
3.7579204679713354,5.3269969910541564
3.4446279651513589,5.9424783854062388
3.5132006263583033,5.2237418600962844
2.9248825034658639,5.7040474510891492
3.3416020624864435,5.6201439932639063
3.3162068220272629,5.4275594744996649
3.1080811337669179,5.7702621074776124
3.2028291436937004,5.3355409024676161
3.9060745927859881,5.0533766820327468
3.334602342147817,5.5278360226281045
3.086068616350234,5.1412734111754581
3.4644742977515826,4.9997114872487991
3.435851269501212,5.2344219593360464
3.5756357053263623,5.2745279773263825
2.8905023687936922,5.5262469908991063
2.9762205570688534,5.7241766742751228
3.9043017041919508,5.4422844867470186
3.3460320709638536,4.6068671891936255
3.2739291002532189,5.5324477130747534
3.3204675956914667,5.2377747282546379
3.6723886840571516,4.8627591624029156
3.9119260669671592,5.1362553484980493
3.2816873798804673,5.2465964191004906
3.8877670477286861,5.5048271976408927
3.5053969606156685,4.9910237208997197
2.9878478400890751,5.0435642375064615
3.104992598280806,5.8014682413177177
3.7512661425831655,5.0618960695016222
3.058978360010487,5.5578241488031388
3.0727359072170062,5.0753586317267469
3.1487442817484999,5.1825990933867265
3.0363119406738472,5.4025071787733161
3.6954113887389521,4.808837608374585
3.3309912592616087,5.1895486018175374
3.2701258518024785,5.5174516052057001
2.6771469918361745,5.5804308519410526
3.2422784749461115,5.3769868004359935
3.6354265771947594,5.170667936820843
3.5058281251325933,5.2311253908268203
3.8369214522801443,5.5142255413116912
3.5918205596168646,5.6819888060566983
3.0368630739378997,5.1200115967830957
3.6349433123105701,5.7894007778232357
3.3902863470642903,4.9930448803530014
3.6869210301968001,5.5379577073604427
3.4492812048261303,5.7646929817832318
3.6096404092631484,5.7118854260665843
3.162854924495849,5.2626248361166228
3.2715372591140062,5.470594296822731
2.8400239811025392,5.4355348427841195
3.1043305140124189,5.0598159491307566
2.5113910450038941,5.1060042061993842
3.1591382869751956,4.9953706311842287
3.669209312476307,5.3151835274499843
3.4673948775971284,5.6914014868662397
3.3816327379301043,5.5281167937582172
3.1656085445490132,5.2281144747366168
3.2525242619828645,5.0859101017122246
2.9579794627876774,5.2889451336407625
3.4877906748979139,5.5767229752227045
2.8255112842203705,5.2321263891194354
3.3966843288384938,5.2863670815420027
2.9831612471316182,5.3877892723121921
3.1440139437161094,5.161020972240177
3.5182715553912551,5.2440933587611438
2.9511858729308869,5.1525324624278541
2.715096718869134,5.1407152672469456
2.9896218249440309,5.1984855633445495
3.4639625803331109,5.1823288330728969
3.1406267219349777,4.9918328587341732
3.2175012342722149,5.2668121827155865
3.339917874265002,4.7977814191856227
3.2800358080056933,5.0084970747203084
3.7164483844382272,5.0469836596818691
3.5664517951812229,5.3874857003556622
2.9485914953250707,5.3110274068522427
3.3232550286012366,5.3790009300362831
3.3152796958611352,5.3141049309459474
3.5323386176908182,5.2677101694399084
3.1731847815472047,5.6953566705282794
3.4512400051374192,5.3015834367284063
3.3820405289532776,5.5697648423193451
3.3893022095649488,4.9061131324942133
3.2660056037052567,5.6987094269344594
3.6972860609563005,5.0309449606025609
3.6672653321668776,5.1734773645586953
3.3788749591032272,5.2223912343837497
3.2101714633694445,5.8299804277465981
3.6391798660652097,5.6153589800410959
3.3612838598055657,5.3071442730740586
3.3219618503407742,5.2288563341684222
3.7776084589220051,5.3925873779654472
3.7923525800029645,4.951488779798745
3.5949328139855372,4.8995811936942619
3.0231129531260952,5.3639379466612391
3.4283389955831054,5.3139747815329779
3.4400137874661114,5.2347852161387376
2.8105589537309146,5.4196930686751958
3.1443026214188876,5.0633308381865243
3.7930452300954443,5.852084391654385
3.1789062888697259,5.3128246602070197
3.6650937197443261,5.4851576697940025
3.5866923876670778,5.333795594649418
3.193778138964813,5.4180994892448728
3.6125598267633672,5.4116119376095311
3.3337576695569613,5.4979182786179619
3.232642950388684,5.5038851626628817
3.6070587358056434,5.5912952755681209
3.1918278575994163,5.3284738822412381
3.1156332511176585,4.8666137106610083
3.6121755124279096,5.8797418054464572
3.1052868462066172,5.3216860557355234
2.7942997230114131,5.2858103363626086
3.6086410346295938,5.7267997053500572
3.3039517259576066,5.196323318453631
3.4981057441798309,5.4064786208476017
3.3375256639116704,5.6693518327740922
3.0703006694186104,5.0698169878554866
3.8035424213587099,5.6167418622729928
3.0398598301509976,5.2743209092204149
3.3684015560836942,5.3900246322318397
2.9545101232527839,5.4735636742039881
3.0719817458088845,5.1964710219503445
3.293964530417774,5.8059590527589782
3.1196771072327376,5.4840598709347619
3.2459652002054127,5.3376458733106071
3.4611083643770009,5.2083703561670793
3.1969695083373431,5.1182459294711684
3.055042651827653,5.2742923491418754
3.2434570219666909,4.7354196988736659
3.297921535871581,5.6661024768109716
3.5257522425586294,5.589490277588566
3.5635530757265914,5.1917733388887664
2.466113751790358,5.1864807264686519
3.2337782723132498,5.0101119516968193
3.7907145328568026,5.3009655959627384
3.0544253349558566,5.2406182615556691
3.4060704101030961,5.6060846751344924
3.7179414108855346,5.2668627125643734
2.8318932195762714,5.4769523399242557
3.1550555534256004,5.252242225640491
3.4168130514963893,5.4455114237577096
3.017290389636806,5.2482008947583267
3.2534642440779939,5.4449709059235696
3.3155629752505451,5.1283385367232981
2.9807587514104652,5.1184008087999935
3.3606164801815317,5.3359952026039537
3.3071167530602672,4.8458605741167462
2.8962218647640912,5.407614390288785
2.9591031753824328,5.4917585203301691
3.5144384194727114,5.6510959583530127
3.6510305388816793,5.5344666439412435
3.5275220362001591,5.5321497390790544
2.7546509762677029,5.4625433277735009
3.1297633938765501,5.2257934988226848
3.1933812697543136,5.1857929835611687
3.2970016444536117,4.865115870284872
3.4353113162500346,5.0070430132423649
3.5764237726354171,5.4805616863821074
3.0016336083558555,5.1089878759764318
2.9470948931921619,4.9322485276679489
3.411199950338391,5.7241283563756076
3.6323383401468403,5.3495139569747145
2.3123736051522301,5.1010503628444095
3.3449852677234708,5.105769212393958
3.3963593665427321,5.0083815270968293
3.4679855814607832,5.7798710795782764
3.5235086037736063,4.6626126190215311
3.3591059936843775,5.4006113017444628
2.6245921713495166,5.2109672581133681
3.2615588247774849,5.9293048361004441
3.3122189857466697,5.602592650984703
3.4312500446991332,5.4674006964030335
3.4002622212998928,5.2461809849277037
3.0934326620673569,5.1877843527221055
3.4949507758705276,4.9576127826884022
3.469862037244583,5.6804205443299498
4.0931704180999944,5.0540714312126234
2.7484229430932428,5.6540566806523325
3.5420969201912653,5.2817933919665681
3.960834249570421,5.0956925896967373
3.4247241245494555,4.7836596409110808
3.0661283629242106,5.2345689912443261
3.7057554393515675,6.0783969218506826
3.22013649510638,5.4327330924260755
3.2932613243203992,5.3748295415149379
2.9818570582001107,5.84430069832149
3.0387425583047993,5.0126832510988155
3.6159430404892259,5.0516646355910186
3.8303909803704688,5.2249032416971692
2.9968256784385172,5.7782168564269973
3.388477056838989,5.2359803164796519
3.3448557640633179,5.2851691212382255
3.3775519322574317,4.8297876853836668
3.4081316381153952,4.9288779836989907
3.0775134386793908,4.9044715965053989
3.0712391628329621,4.9363698376464011
3.2760994508070658,5.269266150970112
2.7991495154765569,5.2765614193790933
3.7832005997389904,4.9017497905910545
3.4427258914536298,5.0478820226821419
3.282296189251686,5.2927521374591047
3.3202105115500906,5.3762154909846283
3.5616286121086382,5.0205756590032813
4.0032974975789726,4.7419288339797001
3.6353764693764461,6.1149247466345216
3.8120561319960511,5.7198806262019675
2.9432893128491346,6.1602373531755799
3.443659168502871,4.8977411052406019
3.3370312002325511,5.2435463857980373
3.4883252165629637,6.0914120558349474
3.1234462686522702,5.4331508956810524
3.1753947646467879,5.1514687626452282
3.032782760019225,5.7862551609019865
3.1081993217672617,5.076132085897326
3.0588874334067317,5.1267238276705269
2.9357134569673593,5.668821955029216
3.214625568311412,5.1889576633411174
3.2154245731499231,4.9910532746300103
3.7067611198802308,5.3783626382643854
3.9240295652145116,4.8449144173047927
3.3779037185348111,5.2604695604642329
3.5128276982141626,4.8827561059827724
3.4893774532973754,5.7465945003368253
3.2599462352799184,5.0571854308729387
3.241917648864308,5.6751188473364937
3.2414083788097359,4.8662060833104137
3.4952008761167779,5.122604181424558
3.6181481613678526,5.6325496564943514
3.1651099721607507,5.2986641946762827
3.7434418528468445,5.2843061444088173
3.0146832168946216,4.8590214478013056
3.2820468088138806,5.5324551220268887
3.1211658306563348,5.1909824384815346
3.6586857090966807,4.9466859765962257
2.8595703842777596,5.280323401575977
3.2265252372980546,5.456472889296955
3.8925128570354453,6.1407241212821635
3.0361941975241362,4.7923789282396703
3.1235537338516255,5.8417531081134593
2.9142123076272139,5.2155105176795917
3.0723753330940364,5.4497417446259426
3.2833241854763657,5.7338308083513789
3.562654232483828,5.8002032084508608
3.5918791039668889,4.738997259490076
3.2418164191692651,4.8408324260010804
3.0113755594571532,5.0303352923575835
3.5085087081872244,5.0223018682110183
3.4999854106582258,5.6096595555668713
3.3329424012756781,5.2189211272260891
3.7155977198882306,5.6468772030888763
3.2466695633415177,5.5642017107238013
3.7351042276002819,5.1778013184101184
3.3562341499765651,5.8496600835605559
3.3610077191941472,5.4232208023257851
3.4798433176793675,5.0448737731233368
3.8057838262032702,5.1773136867557641
2.8268791262480528,5.4629149130693397
3.667475980175134,6.1107198103625429
2.7059968042802485,5.1713203289362255
3.4534125144794543,5.3455763555962994
3.2621061101184865,5.0683125840450396
3.4932281783213641,5.661903898713315
3.2642123942200696,5.6822253280024011
3.2061764937064612,4.8357899587803326
3.0627808711970781,5.4421860214223958
3.3058964421610679,5.5312510608569792
2.8132048280316955,5.6818891891187384
3.457964097358047,6.0849745708539142
3.3879986552185977,5.3057441334124498
3.2603938448163166,5.0058531609069981
2.7411075982151321,5.1504351528387113
3.5962816302623866,5.0106613135634053
2.8561624127658893,5.8299399398394121
2.4491020955625529,5.4359723418314587
3.5826216612034423,5.482855790198923
3.350963193191709,5.9381571510830877
2.9096152894364984,5.6656016285949953
4.104214589010839,5.2609201888909602
3.7050664202328818,5.422463400245495
3.385713678785343,5.678310061165269
2.9486917888733308,5.1683752751289127
3.3010012551270282,5.0852996571095792
3.3403813627353709,5.2904143159281665
5.650294858339481,8.7983759158673447
5.6865222781814957,8.7285652754347236
5.0893015572827265,8.5710295870043236
5.36413499849363,8.7932746589348749
5.248976409048665,8.6148198888022289
5.2051574513936121,8.737868057605013
5.5088387597098105,8.6529255648553232
5.2772827705996663,8.8090919613836149
5.269047424135338,9.0865865068810301
5.5519724327313069,8.8168170594163762
5.41985368444894,8.8177126481746608
5.4270884851323817,8.8025770149748617
5.3210022027786543,8.6461759178671649
5.2720910625056776,8.4826130247750129
5.4905021765897466,8.8219457834314561
5.1303233783553281,8.7539393689367451
5.2716164929475955,8.728155470132986
5.2628202425412409,8.570591440285396
5.5314549679073668,8.7257344138480537
5.576063760438422,8.5026079801297829
5.6098009171409613,8.9699994718991114
5.3226959612665565,8.8398649234728612
5.3921160042482228,8.8116787417060785
5.6621469717034998,8.7902565807665738
5.3533307464885631,8.7089928288866165
5.4327647564427597,8.7611447986182256
5.5436510156963239,8.526586678446769
5.4129798474048085,8.7608337162633418
4.9732965867322676,8.6082950343241738
5.4016751895979223,8.7563493118156082
5.3672997974808219,8.553333610239255
5.412786748821615,8.5864151582049466
5.2258734833485851,8.6003502589867029
5.3780084752922166,8.6873489862785682
5.2894235410018471,8.6987295322828544
5.0312787927841809,9.0618948613685824
5.1993964131322485,8.6302286300820796
5.494072383609673,8.8223053223412045
5.5321945812195796,8.616777802185501
5.3020327970137231,8.6253079835779278
5.4520103568450189,8.5741119554164626
5.4693435058172142,8.7823477093590956
5.5497022339105708,8.8054121380893431
5.5157645080262903,8.6423985333003106
5.5703378621348154,8.9974591226086673
5.3105589791722174,8.8028439043709916
5.5291805739287749,8.5699319320967096
5.557512333212383,8.8235333176196367
5.1517358901125849,8.5407929651078813
5.7336505253181445,8.9272566418892101
5.4102068093642002,8.816282296719157
5.4732677250870445,8.8716341554350695
5.5010179818127121,8.6214559499152692
5.6852768600073214,8.8564356781966858
5.5927414707225775,8.6124361180362978
5.174158900540534,8.7147838258707448
5.3070924062371319,8.8180319868753383
5.3966360728551699,8.9125766352255305
5.5622403933266806,8.7104390958319016
5.4333539664386512,8.5609536205417118
5.4189100509369865,8.38262693635345
5.4732186824561069,8.6559367661289599
5.3422218093392848,8.5458491892274786
5.4461826668016862,8.3521123113931957
5.3721668709378161,8.7642676581682402
5.2047874772625109,8.7902993124312108
5.3367868410106638,8.7744884839170059
5.4936623508151197,8.7854904970471317
5.4382649979538398,8.6617535435261654
5.1966381060917897,8.7965232269093683
5.6082589567461216,8.7606919933221672
5.3819566734311026,8.836861288540538
5.3661226739982091,8.7297767607522054
5.5485945811764266,8.5002952979764075
5.3045853756355141,8.7195017918941495
5.3803851444894661,8.5830893328957014
5.5954986586586637,8.4562101928169096
5.3235100807728672,8.8612667803729028
5.3812358611400093,8.5622378529344818
5.2594949828133473,8.6994671318276673
5.3028170618685309,8.7619477349565482
5.2919412770176999,9.0202115162343528
5.3795102095997525,8.4330991832267124
5.2709134767288397,8.8822853480284198
5.5687475995839133,8.7447916841849249
5.7201928946887266,8.6575592811682451
5.0515520308310009,8.7487243643798465
5.5445101196269633,8.5887709139749155
5.4525417097043576,8.9559193211832984
5.4742587563251996,8.7660199205996356
5.313985425120519,8.8689058526360842
5.5567479800885096,8.6353667684036317
5.1773042506561895,9.0217097907211539
5.3622747820828947,8.8370222122352775
5.2494951854839105,8.5923550882460873
5.4664834357942524,8.5473555777805696
5.4422539229460352,8.7595517220092596
5.5299425670656568,8.5567552936068303
5.2639548288659235,8.5239169011744593
5.6226119891863338,8.7921931562100628
5.2829499135342495,8.7063936671593201
5.3579869443647121,8.6082968839658491
5.1472484625881156,8.534269745282721
5.5872529434342706,8.7467803724052153
5.325142539324319,8.5668340277537158
5.2971121456785584,8.704779033069638
5.3908901219826646,8.6334356333169175
5.4830528299041319,8.7413266863218215
5.4600679686913116,8.6128544890905321
5.4237085247168384,8.4532502700008951
5.3692053952957393,8.7915029630546346
5.3367882234773072,8.7529775181139513
5.4390761839876038,8.8189363861493923
5.645148052374422,8.8939679610436357
5.680720885845381,8.6126722115335497
5.3968428726013391,8.2939565254303034
5.1697105415989331,8.5774702726669911
5.1554719310313395,8.7288164656402323
5.3225598609109026,8.8888848489519141
5.3603708323739889,8.9749900300689642
5.4836139334003811,8.6285959578666347
5.3088909323198585,8.2510052533960963
5.3590567791847468,8.9498124990572787
5.3539800897674406,8.7072969689037851
5.5872424682220627,8.9964577205335878
5.3701561378073865,8.6978828925376774
5.4507108850660453,8.9627487105466166
5.5429972083796875,8.8312298764159145
5.2368337725025356,8.768931785193038
5.330768766774642,8.6066652705931386
5.411759528983576,8.7880727480182408
5.462855554657299,8.6491657876614152
4.9870596251054513,8.7966903254001103
5.3571325119492421,8.705871217165102
5.4775721371133574,8.541770615279864
5.3716835759264185,8.7505700606840104
5.2100160609819142,8.7584802568494453
4.9831107767120546,8.7446709816790076
5.2200308841275076,8.383812461959927
5.3486788454202321,8.5981393464847464
5.3193279955064119,8.8003364208442232
5.4681597315478045,8.5802700520716524
5.3531697679187191,8.774340680076449
5.3811687155301478,8.884081074611295
5.6492928033860323,8.3372940812728231
5.4608492263473636,8.8805173312830927
5.3149017627495301,8.7686326347701513
5.4482433208458563,8.7562303127731482
5.5411756839000992,8.7467080303474436
5.4000753621178195,8.5692807616537419
5.4343952607647976,9.0031434636057472
5.5823450844521947,9.0253880800681454
5.3708377844259596,8.6791489805496802
5.2782936458057508,8.752515181533294
5.4344870179859397,8.6233501330663103
5.4891873389875379,8.7580407296616194
5.574603309152848,8.4662677818594894
5.5599508306950778,8.8597161023422863
5.4211011675313667,9.0825776892730552
5.3958587520886816,8.737063237831828
5.3768472909343954,8.8133402273533292
5.2981921179237803,8.8724352436316902
5.0051629963850974,8.6186861679094591
5.5463392137113425,8.467532558635666
5.5568025589434651,8.8236895354795504
5.2006468327252247,8.6299896808283858
5.6118128876124471,8.2719211340548018
5.0318085467116456,8.5602534927493785
5.3270048719278051,8.5146086961114342
5.5830349092352405,8.7290524084437688
5.3935278413286012,8.7516382609813341
5.1320825651360291,8.7669718898726714
5.2807913356981526,9.0354563803897836
5.3609413612087602,8.8386707652811189
5.4271795832493996,8.8001069297724417
5.3327709022709726,8.7168499337880903
5.2624913418147239,8.9982150064991995
5.3681763665271571,8.6333452999624996
5.2419907514221507,9.0564497430480415
5.4238571980855994,8.6568944551123099
5.2720283454825418,8.7754023743827183
5.3572384331964615,8.801360504946512
5.1160429993264769,8.7630142898539738
5.1211822527515682,8.5035447535068815
5.3629995555594476,8.8107074099635412
5.516605912376277,8.6257849478490645
5.2434320735945974,8.8480633032028919
5.4945318152922455,8.7868776100611612
5.5910966538995286,8.8066522105846516
5.1219327613591883,8.9294901113500842
5.2739769748455867,8.9064921605703571
5.5838864548566978,8.6691718108892815
5.3859588945910728,8.7312903001643054
5.4796893298910074,8.9758125691148489
5.2507294399957702,8.7971324848556112
5.4872094653007473,8.7029031350872597
5.4981884489238908,8.7437793694195474
5.5868710726399629,8.6371185662727257
5.6754349464899354,8.5839711451873093
5.4488156103232024,8.6847865565771123
5.6552180640462666,8.8662979563451465
5.3620989952182976,8.5757837054246284
5.253682862085709,8.7008398452274864
5.4284653672822039,8.5853609855500963
5.122511618032501,9.0076972021343291
5.2076726681282954,8.7546177250197026
5.4023602140347009,8.7924388846508634
5.3911035935733445,8.820901384486751
5.4663867244632831,8.9342887772777875
5.3784806756392731,8.9925011408127613
5.3969716127646334,8.9191756497263608
5.4591281636133377,8.8489248661460387
5.514843310719292,8.9339566442192826
5.3905171447696549,8.82571262556975
5.3066625040783784,8.9258907212533263
5.2734265307355725,8.6981721414773343
5.5313604560633927,8.6599159221668707
5.4149225220482,8.9290174225561021
5.3281959938401791,8.6729631394693101
5.5458742302039221,8.7697313550387008
5.4334199721614533,8.8615681642469344
5.0415922284174872,8.7048890831065151
5.1399219349009142,8.8046289362396912
5.2286400265361728,8.721391108321269
5.6321189321610037,8.4123877762833494
5.272298142791108,8.9823165093589825
5.3207169535574872,8.7096626555419245
5.4614953588412254,8.8665611015550017
5.3867393212961021,8.6333860538600753
5.1570378804698738,9.0513660101925844
5.3591660196231619,8.7642876400447634
5.1997004555957984,8.5530715735138152
5.3124455744032222,8.6550548469922557
5.5304374430936525,8.650428535853484
5.081938666668159,9.0002524249766473
5.0934918367576385,8.4492114484057588
5.7648944014657832,8.6948792173720371
5.390119423817179,8.7402763933193803
5.5108509937209504,9.0179172817362652
5.4452227863232965,8.8014558361440489
5.5266698073102267,8.5429563450610946
5.5493483536900703,8.7801122878191986
5.3546385143801052,8.5860812097436252
5.5499973842022898,8.5136195543659294
5.3135045737994107,8.5862666351961643
5.5861754569078625,8.7701595282330018
5.1714377867082435,8.7870227635471405
5.0670019096653558,8.809750513145719
5.6912429058142084,8.8668483890371554
5.5589243662504115,8.8649945715449778
5.3542212054107301,8.7480584954160587
5.240916594770324,8.78647949370181
5.2711794238101604,8.7961923058241229
5.4140496287248814,8.6457350970963613
5.5020093372757595,8.8297616561325771
5.3255693242827586,8.7930981226627303
5.4676713990834171,8.7562690191767611
5.4435577514637785,8.9627174121873168
5.5784287168071334,8.9676764061923304
5.1793549888778427,8.444934513845876
5.5802881123446353,8.519793003985427
5.3407718386466874,8.9525559724985477
5.6028720129261753,9.0281295570688087
5.6752208603831713,8.7818231924009424
5.1291833803219724,8.9426640174345664
5.1287590816074431,8.8568271600467217
5.7059726445699557,8.4901121238231241
5.4149929961626784,8.9285782345546298
5.2185816835713226,8.8359601475656646
5.469601222305438,8.8187646372578712
5.3520557925085734,8.6189884982498359
5.3516908558106628,8.6682601011519811
5.2500364534545376,8.6650633136315616
5.8666590120947841,8.7266292149705276
5.2478550172547243,8.6177376372312597
5.0555317367679962,8.8828830318556573
5.5464465589912049,8.6524116196678325
5.4757302357262665,8.7246806528105871
5.3601882268394831,8.7694381612682459
5.2334856176257469,8.6689827197356539
5.3077816609809476,8.8968664646222724
5.3514561958785274,8.5906705300080315
5.3467223471718848,8.867082626384148
5.4585955622822153,8.8342801410340179
5.3027523757753761,8.6361702211858891
5.4311125030141234,8.4741546356166673
5.3100390697122934,8.7180159104887949
5.5496024205332688,8.7687926058413197
5.3033220842341553,8.9491911392100683
5.1629449619814238,8.7640577154336512
5.3580745336886944,9.1550289775848821
5.4358006821950715,8.7698235029689702
5.6056342765450946,8.6579996567263322
5.6020288615581713,8.8202795833886221
5.5790716710506292,8.5499245073668355
5.5335333428914133,8.5991291205661895
5.7529988808764285,8.7982632313414531
5.5566881250784155,8.5464424052901986
5.4736758159423555,9.1096026220574799
5.5187619520780924,8.4984848761141922
0.31671193326396713,4.102555613474907
0.39190819852134418,3.7238146285658571
0.4507814466774886,3.7896273134931198
0.68098601735784769,3.8274752786075568
0.64825227349160142,3.8587377276521462
0.60826722755510088,3.982512852318516
0.56344495370407677,4.0098523532484291
0.53062431419430056,4.0628891471996251
0.31098612577279788,4.1356182867969258
0.38529625935731138,3.9694046086624075
0.43808278435248915,3.8572898372488109
0.40987368706098803,3.8629885970161721
0.481824176655471,4.0053183257758729
0.5361103705294844,4.0010908350724907
0.59472119949636804,3.9952350333499371
0.72701148566543161,3.9902949683014568
0.43837408696971814,3.9904996391790086
0.58251958328037623,3.9506802823106963
0.56383062969027431,3.8551421913358772
0.48450312805841483,3.9180503854162017
0.26868674722231201,3.9696260413959026
0.36151864253863275,4.1399656399019173
0.40403752654086589,3.9442988015235079
0.54394511490718478,4.0756822037312261
0.45014917708032059,3.9621575810459344
0.70847411873690747,4.0298822494361071
0.59548986700695161,3.8838494648963309
0.34274934769251364,3.9053220363455763
0.34134071116623732,3.9629327071229246
0.38361051697448345,3.8352283684182966
0.61206109766019146,4.0169507380100091
0.52763667718327478,3.9908300890694939
0.65786418448624184,4.0381731692750158
0.70007056979852555,4.0279526685758427
0.30100158553070111,3.8752534209752638
0.79074054250112757,4.1328522531590677
0.36048502890754963,4.104191936207104
0.48660278650889288,3.8515454482099076
0.40952085438679459,3.909324353207293
0.28539247580389349,4.0458531721300615
0.44383485751516016,3.8169763566711872
0.52032092727426527,3.8730933973435469
0.35552575853062174,3.9856604557012956
0.68776851486505597,3.9826708119029077
0.51919865524847042,4.0045510319715287
0.64177606200073789,3.9913966410770096
0.48105107510554151,3.826084084870641
0.3724641821369335,3.8790605970625598
0.47851936653581439,3.9647335013434137
0.49903396860096066,4.0821319117592836
0.4813018546490373,4.1349157661630596
0.41983943373673205,3.8057989564888008
0.498164326379611,3.8094826222192388
0.3387678200398081,3.8519090478355809
0.63568805208634949,3.8452378448281217
0.35037311563460449,3.6556682575711617
0.38160129563117667,4.1475595642343581
0.54986527537050389,4.0247091491162905
0.57133374846931106,4.2372761131456134
0.56753074182891783,4.1356007007464601
0.40330405640301042,3.9465939592387684
0.51599965952260307,4.0643939599589487
0.59493204189789473,3.8290682460662229
0.58534439243315728,4.0656826706493785
0.6024714881381108,3.9576997250208925
0.40944124114815661,3.8423623048586615
0.62362321361377959,3.9354998247640682
0.32447983482248749,4.0001081147343491
0.27404286798480465,4.066861397590821
0.53036589558213176,3.8819762521282892
0.57253565241601456,4.1112851490639768
0.47514852703970983,4.0761137817276882
0.55073577987433486,3.7569659577310235
0.56530026941431222,3.7324553562412475
0.45086414279677478,4.0225902107362295
0.28067999006786748,3.9952180066462533
0.47511347326069386,3.7514752088349703
0.60821141134057577,4.1450163425396962
0.54410278657320177,4.0444726707600935
0.31983879865519182,3.8913246023694361
0.45586179501342355,3.983303892261242
0.50920080971588644,3.8209571189471454
0.41401997172965815,3.9293370470395237
0.49112253680568696,3.909570765366126
0.53666881578676129,3.9869992577111328
0.3982492070712213,4.2154184470348346
0.51231655159309319,3.9112265709904364
0.66657390085549539,3.9023915439874601
0.64901973560978854,3.7365861402642233
0.38480383552953501,4.1207036539041448
0.44733730600980209,3.989712542738121
0.6028954174535317,4.1186878711140871
0.43136366814062888,3.8849732294915187
0.5625491771928105,3.9040469637471231
0.6720380402104611,4.0697774169890693
0.43499092086084856,3.9762788400861986
0.50517025360890866,3.9829706844626158
0.42313805090261225,4.0388853893722576
0.34532449562944134,3.9045000819180795
0.41751919839341661,4.0238409992179385
0.32542359597983761,4.1005303257742725
0.67959146879164156,3.802591753287297
0.44023365603048709,3.948307825051494
0.51739891936482507,4.2151627863136927
0.55537094280140331,4.2663160103436732
0.60475930639982678,4.1170187209076152
0.73936937320240947,4.0532780707393012
0.50581850153678387,3.8365485156038375
0.54157957713778559,4.0833781658842501
0.55784759565975706,3.932535488847317
0.54883264280529109,4.0696249981361037
0.50343437929008017,3.9228947754174626
0.43139426981444218,3.9262090211654215
0.50858026268789769,4.0410337969659684
0.4538273805241379,4.161141503531022
0.62793346132754069,4.0388302209168447
0.62690821200464264,3.9766922436205228
0.53041890397112201,4.1358892469043038
0.76328183015180517,3.7235555878909725
0.34081185569396516,4.0051488250184235
0.69912243658054518,4.0702320640618384
0.58159524305365884,3.9926484985598778
0.56794848739425174,3.690740960054784
0.51279469342911321,3.7700558409200662
0.53540316867818449,4.0654416834785936
0.54194451031073831,3.9899316851052111
0.57967866205072671,4.0653054121491188
0.29124241792915662,4.0353762554970629
0.24962740361664837,4.0387950729712614
0.69674382048194894,3.5455532720181679
0.52765267364939972,4.1322693697405244
0.46580728727939053,4.1030469179199542
0.36841712111684033,3.8520709661116697
0.65445061064170906,3.9329745763629065
0.64515369842996007,3.9484652642999012
0.4527075933938246,4.0726462387053708
0.39944410503244915,4.0934277080617418
0.61277261285582674,3.8836935839956706
0.43127109347762449,4.0105068099539727
0.48677920738100516,3.9309086499273418
0.55114122265856302,4.0236843759597667
0.60667589841148006,4.1062267057711868
0.47049285371599925,4.0176668064568721
0.74952221337400915,4.1650541116859499
0.46367670660732063,3.9505897664878167
0.41280506444001452,3.7612691168104382
0.81008932743587292,3.9704087367886145
0.18655535561798392,4.0737732475054225
0.55912065012518464,3.880228725449332
0.61732953509006472,3.9332204864197218
0.54556430593386951,3.8510808153425398
0.60381434368653975,3.9401629203215012
0.60184100124296769,3.8873502817773491
0.42836998053745856,3.8419868309265364
0.64518230341938376,4.1029545319619185
0.65156535565258689,4.0687004858664064
0.41470726178218154,3.9285272181608097
0.5423596350729174,4.0410989329761842
0.55187909323450679,3.8850446143478945
0.62760614469208309,3.9086496903181858
0.42013300978629797,3.8901359724882969
0.47229929335625426,3.7202646236158214
0.43487373921224032,3.956067346134569
0.52921669162854179,3.8433604766012182
0.68673776048400148,3.9601001312229127
0.75377293625331732,4.104188660492972
0.41878104305343011,3.9286453730926989
0.49344126087428686,3.987730510478332
0.47405908990646362,4.0197221365704596
0.29706220491010948,3.9377295069720661
0.45201943146964729,4.0651480301779044
0.50677678068778365,3.9300843501034692
0.52814270578149514,3.8528245738580358
0.46836346625399389,3.9982297910420352
0.43258661557473987,4.0220932733962043
0.47827935252114567,4.1126066146569755
0.54596426891012562,4.0484369196099319
0.65773110139092694,4.0963296255855814
0.38757102021750828,3.9567264954550767
0.4515004179537529,3.7558277705618464
0.43937171635232009,4.1168342215069149
0.42474427812327498,4.242187286849779
0.58025846813719884,4.0790645908911713
0.56311078981788543,3.8171666586203372
0.68710412083921968,3.9360355693690661
0.54964024141532797,3.8556814835013697
0.50715447373099076,3.9522019203922674
0.34615703704633172,3.9006669063433215
0.46107281212336232,3.7936404032403157
0.50123147479227737,4.0720677943254282
0.53793134766954576,4.1321517645943366
0.37666915351477165,4.1704286787040674
0.55427586825585862,4.0936452005245254
0.39192004354109433,3.9472749767218023
0.51039033228569286,4.0346201869649745
0.47814996761640033,4.0125495686241539
0.53476600322756973,4.0087712025749402
0.79886806183700143,3.8651116945998614
0.69469883162643864,4.0006644501694542
0.70369304661827137,3.903978888524982
0.49235971984268584,4.1612411770525597
0.49680422618495862,3.8979459528623344
0.55467417130465013,3.8509389932277758
0.47771138767132826,4.089557291940598
0.43221641717829495,3.9356016978132358
0.27506720370268334,3.8815134328685943
0.53182873600507885,4.0275066073570338
0.61043319844340294,4.0842340961853107
0.3514826200427269,4.0854443884756435
0.5001082883259077,3.8970086446112839
0.41602426858416919,4.046613514650149
0.54511935503098918,3.8533758338697686
0.17878935665760659,3.9756041785499372
0.49198938441985629,4.0666653819941967
0.18489279139168158,3.9135255792494208
0.69678728906005427,3.6732079505774022
0.43520983501344246,3.7942212256784562
0.56940246421165708,3.9360498925226075
0.46762658022434145,4.1190378440406246
0.40485463120675308,3.9674481247735747
0.40887827201081184,3.8186994121703477
0.46239917521613083,3.8954358933185356
0.52467586679690692,4.1185484370997827
0.52913221717078995,4.002557025118084
0.55701403639788194,3.8731920163860059
0.63351175607951205,3.9734710487644733
0.4924095698306617,4.0019355056195565
0.35721681307667014,3.8356941272162799
0.4602456560313859,4.018997811120669
0.6205587120507039,3.9687284357161889
0.42087471403220078,4.2258171294729614
0.36180676877509027,4.079411692983216
0.71573362179165856,3.8567526012642546
0.69340923677284727,3.9065434556071041
0.38017235863397886,3.9680830616321878
0.62039401059767263,3.941003653033893
0.32952217745325046,3.8225482941441924
0.45942588225236075,4.0931447957854674
0.39423707848060996,3.9836057830461313
0.39047120500674604,4.1020240341506815
0.46110492388049457,4.0445858478796071
0.47627786527974714,3.9431604068045969
0.5871438344860116,4.2924111028643468
0.4743378003517113,3.7648192238357301
0.43679338473493562,4.0965360628712331
0.47016137230328625,3.9667753471382157
0.44935984275980384,3.8429041053760744
0.53737915627184973,4.0377394599007346
0.52913073064718719,3.9149932482173546
0.55192962702494852,4.0746772329713963
0.22129608739435591,3.8098543595505725
0.43156839027325011,4.03528212385421
0.30950062260530303,3.9013319533090742
0.41920457357290902,3.9946368401437429
0.65466349592895634,4.0269281923771167
0.54180939982643717,3.961292770260012
0.61848773211798824,3.9569262242939849
0.58877078821811257,3.7846956793661461
0.64114552182077478,4.0674812607603679
0.43202867679123813,4.0299181254571579
0.66806491196645157,4.0312921831740187
0.70316494154024467,3.9127019016507347
0.53043922917169883,3.7661538164809012
0.44100169037249776,3.8031107662839196
0.38435775767482533,4.057403487804466
0.48237590306044187,3.9528922991697217
0.66036698203072153,3.8599750464440263
0.62126649357409902,3.9329821037406663
0.45320524665165457,3.8302114933768627
0.56109038437131142,3.993570603398152
0.52225626264601122,3.7747433049952792
0.60926054380621664,3.890192695557964
0.44977875558421465,3.8897893157153369
0.45921765872046683,4.1739305322200293
0.64836918397636123,4.0132229803695223
0.5650738239473051,4.0432992407095796
0.60181411481599945,4.0512859278456279
0.32689566378181378,4.0346856099053223
0.58087887397920157,3.6950507971674988
0.4532787161290881,4.0976431669855504
0.59209114712090682,3.9196774419155753
0.13391927441697171,3.9852624681664239
0.36262864762002228,3.8277444603588329
0.59876190582162092,4.0085415471874537
0.59342792952787315,3.7109623517209078
0.51274141896644454,3.9957125376521923
0.47208005850029844,3.8695868508988811
0.72973942662713265,3.9853064726131153
0.58270830283450237,4.0229844850919445
0.53039993151135179,4.0348769005384497
0.36964289175500703,4.0437530989795176
0.55832536566667701,4.0753909711638494
0.40564338364000113,3.8376422129750596
0.41835228405581099,3.9541197223019724
0.46825325493556469,3.937920203926454
0.60572178166712598,3.9689384125328147
0.47803342264301318,4.0860504321838329
0.47630675646815129,3.7599974906391247
0.37988541967984513,3.8900432070397022
0.57374814199011426,4.051172970818655
1.8175749534606498,2.280292284384684
2.2107807498155094,2.4833171939990932
2.0324074296132189,2.6159853783965703
2.3684149476388945,1.9963622782354868
2.2092854054594491,2.3456517351327277
2.9189065740262068,2.3019088914320287
2.3986355878719343,2.7476326611292592
1.8732081159608815,2.7562696566537466
2.3961973820535025,2.5115918530435652
1.6733120015151703,2.1303547142172357
2.5843125008021404,2.3086584176094291
2.8958077607862509,2.3470988800183981
2.4182670558831627,2.0170697063267236
2.1757404097966595,2.5750733626338254
2.295039091999274,1.703079017960095
2.301953291281599,2.2472604063192216
2.5536576593087954,2.1024321379833277
2.2531613423888905,2.3289983389747646
1.5676816676226584,2.2388897810074866
2.8172245261618296,2.8184198267421068
2.731346980799882,2.598195378059402
2.5245770845413329,2.5269920490320787
2.0498401214074513,2.9378724406630354
2.422158049460279,2.4017525004925457
1.8490449786065606,2.4867320016348033
2.2699644083416994,2.2215620197803876
2.3821613208330841,2.8586313893771962
2.4793035738069258,2.896957397661442
2.4215462814424269,2.3699400223715745
1.9128934382486671,2.659189258474949
2.040787925799401,2.502241887178863
2.5524362129079696,3.0581458158974875
2.5181310024153771,2.3619444215913088
2.6919984449194958,2.6184370786802158
2.2961751076421812,2.5848244187593266
2.3896297728539495,2.4651693787407556
1.8372622854071838,2.4829494744436378
1.9920259463772172,2.6047533809446457
2.0947139487517856,2.9703889852182703
2.7478225152848523,2.7440118975954699
2.1877820815192375,2.6000324548522644
2.160787620087866,2.4112061191761041
2.3517119769343489,1.9225248182552017
2.2490635272246626,1.9647877537635052
2.0818492727138826,1.7797977333540527
2.157524709101895,2.6394041261606063
2.6240653144989516,2.6462464924445817
2.0026451996967145,2.013517898212982
2.1263655427791339,2.0967347509993552
2.0927460442401937,2.262738677030987
1.9870648821375008,2.6795770981091414
2.3264032071192484,2.6698691310814664
2.6184333140556406,2.5011123256709635
2.5512799068720424,2.6113595758475241
2.2115422866912642,2.5507189004728761
1.8674426847327692,2.9610390539345133
2.056033790688935,2.1918063408355599
2.1425493079452211,2.5779902506924568
2.0608331125455175,2.2124969808921096
2.2965730363237071,2.653027619179265
1.3651011790343341,2.977327887365846
2.4410180963562653,2.4652137046042846
1.8906951772532694,2.8130057929006353
2.0178790929887751,2.2595181228266732
2.4081617064038912,2.3476526065599033
2.2221514083757214,2.26748779168339
2.0551572770203679,2.3627567723997265
2.3851508306276759,2.6773223451564911
2.2508389361687873,2.9218797892176722
1.626965942896895,2.237968069265722
1.5759637122217596,2.3242985753286627
2.3741923827647384,2.3522167695592806
2.6701566940631518,2.7054988297249625
2.2481157982396032,2.3780459418602851
2.2799435159997117,2.504552644663991
2.5181742420558457,2.0128157933965016
2.2408849450323332,2.3802663940225464
2.255388057771361,2.6789827859420741
1.6705924129315894,2.4948220240895478
2.1786303718083317,2.4358634544937816
2.315824378083791,2.4797710838222318
2.4142410503973868,2.4672922262330026
2.4278205493843217,2.781081312410052
2.4829079187451466,2.332774644705069
2.3946686617191344,2.3118478809236604
2.6629823724339223,2.1606837563346812
2.6081847618173182,2.1440445206492282
2.8328492927551236,2.2163545803231832
2.4294893526309438,2.2623906947240622
2.4889579426819211,2.9069938556689712
2.1488816968634481,1.923108295135175
1.9343433363156692,2.8221425868573431
2.0619164679678286,2.5324753996886509
2.0788149381304946,2.4664931401216368
2.1423342106195555,2.252911411396751
2.3264148260550228,2.6798439292651706
2.6936305004186272,2.4287155647770833
2.8771472103768856,2.6209344174611209
2.8155428579741022,2.7207194420583058
2.1427307093322865,2.2640977425630018
2.2303078482432857,2.4362715694682811
2.3545745516567478,2.3821445355077664
2.2460561949911151,2.1346580966720983
2.6026291897057141,2.0833636846696213
2.1373791603102279,2.8733382931036577
2.5783853974892406,1.95873988719354
2.0275391393047304,2.1665062877738031
2.1649985832120509,2.4639074933028189
1.6960652046835336,2.2685864910751841
2.4863816007584409,2.7259430905284496
2.3324909713451927,2.4160899827600262
2.3404382813832063,2.3981157605103651
2.0088267240523914,2.3964521927538898
2.6269405296680555,2.7992989008698155
2.6350434010616319,2.1796803207902782
2.392573506444319,2.460598059766534
2.5139653015687582,2.0972432167859165
2.0492527617227663,2.6396754900473125
2.1635208747340702,2.7740480040872835
2.4769945318389848,2.3919540789639497
2.2369374111562901,2.8756939991211476
2.364774760434472,2.6137051288362185
2.5022133849986532,2.5078129361355175
2.2905414886975932,2.6145399258476383
2.5003853973289454,1.8427204007248417
1.4805473294869613,2.2346098494311182
2.518477452116743,2.3263530467267963
2.7019551347668278,2.7045510819966951
2.3921125304913597,3.1325912893654384
2.7425349537018326,2.550828911105238
2.3902712575986271,2.5042055414008861
2.2091009231653107,2.5235401714089818
2.5223402475238714,2.7030418393644511
2.3658172085870897,2.7118975087542401
2.4553478217366811,2.1086809573551553
2.3075173146520469,2.2659075395119697
2.2844775758318341,2.8267468326147798
2.3884299931527084,2.4853219937693449
1.7751457801468771,2.256488351245467
2.1048573373412274,2.5608385060339818
1.8763330122879363,2.621078947392304
2.6668507219336108,2.4148608860154135
2.18286159713282,2.5340715739230855
2.2844065651746455,1.8466262668305333
1.96982863460725,1.9197147394458167
2.3036366084024573,2.4885333989926215
2.0215219177916839,2.7133612115691985
2.2145020699541345,2.4602294910459337
1.7435047176376672,2.7691199031263301
2.5898638480101961,1.8047547282613587
2.4869897697524306,2.1693215711656579
3.1463840964791752,2.3555141936472044
2.5420840144880028,2.4289364112119753
2.050624942866583,2.5261364469748622
2.1309832995943077,2.5678549580147387
2.267901937348896,2.8582624294779668
2.3319318603808936,2.6532028434520734
1.8681354601129581,2.3396545453318711
2.4042409707218395,2.2187453956092442
2.1976775923145468,2.8029403505250476
1.6653157953560631,2.2222889281008618
2.1551709752887493,2.4454042725125693
2.5286620623763323,2.7290139229945201
2.445034607827171,2.411282255913636
1.8807775645024785,2.5142862135823427
1.815747093275013,3.027221347647381
2.0054765452393659,3.0699994787841689
2.7052935424374063,2.5271818336096468
1.4222552666397408,2.7409669807012884
2.3965618785654943,2.4904402049722765
2.659637251494285,2.3452058690952753
2.475506445794716,2.6602991795190922
2.2393074406603843,2.3914230554675107
1.8502861958000374,2.6853645995965154
2.0104375866539694,2.2457787008518011
2.3760614644028828,2.6683036196273862
2.2911294360618575,2.6616790486640625
2.490951966012557,1.8134722363248639
1.9542329766979971,2.4659040955419576
2.5113420920639795,1.9959587994631907
2.1552126170456796,2.744662542619837
1.9584819037406014,2.7039678651149219
2.2949372064857059,2.3888375924118095
2.2616025252747654,2.0680584579414436
2.7035938058801547,2.4467893187414087
2.3567343562129155,2.4905240164453635
2.2348417071990783,2.935519828677557
2.4294617187585543,2.2268070004937224
2.1214214269821579,3.1549407694898761
2.8348059416227693,2.5802386561247546
2.3722904747171527,2.3393766963738223
2.618176967792575,2.7300388418788466
2.3334144385960101,2.2624406109543607
2.4106788763731215,2.5183028699857424
2.2820971844595803,1.9332543058262246
2.8520820565097837,2.5982679373935631
2.581953782299236,2.9195713629394153
2.1008670520081347,2.299946399282204
1.9135709756559955,2.6877410804987942
2.0274715669097692,2.3310620244202251
2.2939861660796743,2.6983971569781158
1.8954905797580008,2.5842040609089074
2.1233766179435025,2.5308127920613925
2.1820216612818468,2.8510662814828041
2.3105725781569624,2.4580684278514418
2.3058487753749608,2.5081110730154599
2.5998442578493797,3.0541856957884645
2.1907510831410959,2.675778703824673
2.1537539768144263,2.4136047867522379
2.1204683801088415,2.5215090270919904
2.7980501889987646,2.3306402485480917
2.4590768701153785,2.3019081021118879
2.4091023791944637,2.0240005124045304
1.8869981216915419,2.5611665765863738
2.379425549087852,1.9112920798739081
2.4324073092977434,2.6253231208619368
2.3430749690000785,1.9605255302529709
2.8425251405440419,2.1944475667335821
2.2714862939314493,2.3622039714994494
2.8037556081656962,2.7967044031044894
1.9683620911693316,2.6773775606545192
2.0419292726426148,2.4350310475097134
1.9824888644701701,2.3307021355432354
2.146375181603899,2.3834845581681239
1.8390805103758272,2.5284952914080718
2.8551090709845424,2.6331823929599101
2.2710922436629879,2.3099794869182113
1.9988039421108077,2.7523170347367194
1.8483089119980942,1.966604948873689
2.3384298725848076,2.4788527648987366
2.4463951534018893,2.2268520739167972
1.7025602506340194,3.0815245492910472
1.8325970661304305,2.8357085053743836
2.6133907288405576,2.98890524076482
2.7398624804236813,2.390028146259533
2.3043070106051378,2.6965484058267895
2.4837237648766268,2.5530393149424904
2.3801671556783006,1.6505237933434844
2.1011576511297196,2.5209232662136651
2.4151651594678611,2.6471565629149816
1.8595903334948352,2.2670116485751048
2.6257242802037499,3.1151682921105137
2.3279906221941431,2.7805160435367622
2.3404188235558143,3.0659420518574656
2.0281635051384455,2.2373527475830377
2.4529650306528805,2.5635913415800928
2.712146556602129,2.5705715107576173
2.58162666967206,1.8904309404383135
2.452167218846915,2.4974923618525624
2.4312586395109568,2.4686348320382492
2.4892391500214153,2.6231485117649318
2.4114190666983206,2.8231251233824448
2.0204053309186816,2.1859229318152265
2.3554458496564967,2.1056023056004327
2.0009772600568354,2.5990060259230909
1.9930078323857261,2.7071786896971934
2.5390435160933564,2.65017341614853
2.1857835724818977,2.3511754203145538
2.4267526765459935,2.7071455775085713
1.9903946233068246,2.4855535500356019
2.2047000516392292,2.3529308087269811
2.2439302741477536,2.4176429940661301
2.3172288731544932,2.1901574456908728
2.7163953050108613,2.8699000812604072
2.1484730479526659,2.7077854261243335
1.9360489368626885,2.218815138229548
2.682746702875793,3.1133133066895593
2.5643987274948485,2.6139617980795324
2.6040067627177756,2.2239798551668093
2.3731965994827862,2.6509129558163518
2.5780226668629829,2.298666385432889
2.517858970752636,2.3917655485968017
2.5996832120498805,2.7836461211276338
2.2976804085501508,2.6946559610200409
2.1034967813232481,2.8837494705974143
1.9694422423495122,2.3319958732482058
2.1338030935417716,2.8606895742836405
2.5383855777136271,2.5045893325328685
2.1426434638025627,2.1836281518690956
2.4784199210368683,2.5073576779309348
1.7542882831165667,2.4352661991934119
1.3413939836357194,1.9085782965377387
2.1506652338350771,2.6458851195336086
2.3609553208239937,2.8262591196545537
2.1062609334417357,2.4582214013741832
1.7049330525769948,2.151944192610951
2.0168817969454098,2.3026662458038043
2.319655172723889,2.1767565718053268
1.9375920735533665,2.3764565245141513
1.8941889595186514,2.7382109882919292
2.3030880625248509,2.0716005252188086
3.0505957664247214,2.2955312637386491
2.1662860309173619,3.0219345585207535
2.1516386362619069,2.1457344279975201
1.9195276307355231,2.3331971223991608
2.4237950944329518,2.7337287477587915
2.0781345793217385,2.6963775781322492
2.1421746556520143,2.5859778944832583
1.7508053627503275,2.5481505262179214
1.5624501730936919,2.3799975210342379
