(2.5567517579040606, 8.18571878659943)	0
(2.3264511760922812, 9.191539444219144)	0
(2.5181434208210147, 8.770266627447137)	0
(2.2424140048821077, 8.884650494927582)	0
(2.2285869769395044, 8.515136631978871)	0
(2.751052045255255, 8.628212184665493)	0
(3.1298155162611248, 8.435159409074924)	0
(2.249847776724347, 9.255457761018999)	0
(2.73133708929651, 8.552262347140765)	0
(2.5628737234761, 8.538320713368895)	0
(2.058158099427995, 8.934731456614678)	0
(2.3909512620487, 8.932390550104818)	0
(2.0809689476262956, 9.259195583693733)	0
(2.492505162028357, 8.770681812178497)	0
(2.280411700372496, 8.735900430879171)	0
(2.873190311311043, 8.77043572025076)	0
(2.7836818210817027, 8.771977413347475)	0
(2.8138377160285772, 8.512324123258528)	0
(2.9820815010717894, 8.793064385815638)	0
(2.655358933839186, 8.889153544079239)	0
(1.982167324997316, 8.723209826680229)	0
(2.8609993285439286, 8.913021878789149)	0
(2.00270824867333, 8.946098002493404)	0
(2.14110113871836, 8.30857341204508)	0
(2.210639565230156, 9.191765562914222)	0
(2.7075272636489918, 9.313109563167693)	0
(2.39593029219435, 9.323497256638113)	0
(1.9420854884883232, 9.221576027902685)	0
(2.639661778470969, 8.334611805982744)	0
(2.8685952095664993, 8.124463265384591)	0
(2.334887257953852, 9.544689040677426)	0
(2.447822839249152, 8.33676940283006)	0
(2.454524245397606, 9.13308122485896)	0
(2.4635947638162845, 9.54390941184203)	0
(2.442318138324486, 8.860760887484215)	0
(1.8393119251115506, 8.413130338767655)	0
(2.0904770858230046, 9.173278519939062)	0
(2.3754344096004654, 9.072997739981414)	0
(2.44556798167263, 8.477993242820068)	0
(2.526357371006891, 8.780965086268)	0
(2.31806819695934, 8.961373317454411)	0
(2.690152787498385, 8.14119310362127)	0
(2.146039709964051, 8.614130435523585)	0
(2.8195132149435587, 9.193892283786056)	0
(2.2758746275451953, 9.327147653232535)	0
(3.0538814691540357, 8.816151172627197)	0
(3.2369984305777777, 8.400549220241414)	0
(2.216313258335818, 8.82784724123)	0
(2.109690512353756, 8.880349995781012)	0
(2.577047296544759, 8.477455214226197)	0
(2.3367271374500858, 8.89730495948906)	0
(2.0992093874231834, 9.353510006039008)	0
(1.996700592197641, 9.011699638060128)	0
(2.684210366508572, 8.910106767450236)	0
(2.847298356784843, 9.27929672158337)	0
(1.8422265301868705, 9.00415187047882)	0
(2.4218992501736074, 8.879402156449757)	0
(2.180882993147751, 8.901696882658985)	0
(2.0321223789821623, 8.926489065115055)	0
(2.56552264088684, 8.533323731899008)	0
(1.8980475402387502, 9.245338121015598)	0
(2.2584952111141363, 8.30830220847035)	0
(2.9336170742523446, 9.267507542680198)	0
(2.555995413858624, 8.92295219613906)	0
(2.043683194645469, 8.699786568785452)	0
(2.135963966558427, 8.557902437481834)	0
(2.2280314934885843, 8.849781874969448)	0
(3.1595715436200065, 8.889410636477685)	0
(2.197652321695422, 9.223845077755959)	0
(1.7777469110572106, 8.773057562805084)	0
(2.3340647735349727, 7.996658532122)	0
(2.5439865843617095, 8.516082341837084)	0
(2.270077185968248, 8.806887798696161)	0
(2.156123047429757, 8.817618680354217)	0
(2.682332557065402, 8.763572549284257)	0
(1.973273980890752, 8.615223980073791)	0
(1.93238768650767, 8.912436369817213)	0
(1.9662808493539927, 8.745507819539379)	0
(2.695756545761339, 8.554547552188435)	0
(2.5586707592656834, 8.49780237306328)	0
(2.4417176885742053, 8.735416654336573)	0
(2.2626666739650565, 9.532636955076349)	0
(2.542595298877571, 9.038900729103258)	0
(2.452279898903944, 8.946846534274416)	0
(3.0118699729262386, 9.224290233529212)	0
(2.647529946670336, 8.581977946630314)	0
(2.868260363592658, 8.793686654187136)	0
(1.9935710278106862, 9.041663071705965)	0
(3.097104067025691, 8.757294757938242)	0
(3.049109777262733, 9.017780293886588)	0
(2.1708086210518984, 8.603183193952132)	0
(2.083898672986499, 9.33277135052922)	0
(2.210764311436, 8.818729099383779)	0
(2.4575250803035833, 8.839949402923494)	0
(3.097816161066321, 9.251397391590828)	0
(2.050157983110248, 8.63369429428617)	0
(1.9707012008339153, 8.904842056241813)	0
(2.5127623734537865, 9.07384842037926)	0
(1.9782852506478257, 9.109296268127025)	0
(2.352527385422767, 8.12927685553464)	0
(2.2787761814621392, 8.445063058042313)	0
(2.409379410333413, 8.912429855734763)	0
(2.875477568054612, 8.67765231013265)	0
(2.1704348612716102, 8.397215963298144)	0
(2.5357038516783104, 8.69272654545017)	0
(2.272986851657008, 8.90008413772614)	0
(2.349105037027278, 8.234899545698148)	0
(2.6900459915238906, 8.44199608948596)	0
(2.8083964620176816, 8.756415877299432)	0
(2.8525862529630857, 8.735875555032624)	0
(2.7240395196121168, 8.865733357316651)	0
(3.3289352017915417, 9.379957101008443)	0
(2.5276850617365256, 9.366820055859511)	0
(2.7967731777798104, 8.722276464457865)	0
(1.923860535185809, 8.906203093032005)	0
(2.2937244914404005, 8.703769593926065)	0
(1.9788879868513898, 8.730570348303166)	0
(1.6220998659893315, 8.114889653655787)	0
(2.3289574345617248, 8.88385376224709)	0
(2.3254957974785513, 9.016151934834916)	0
(2.22267414025378, 8.99730734659296)	0
(2.792222807710694, 9.51062457316516)	0
(2.4749813311099294, 8.497024217506866)	0
(2.656498126477621, 8.388825630862096)	0
(3.3617988739925755, 9.035942540302951)	0
(2.6596722509345025, 8.760067693778032)	0
(2.1392732573540734, 9.018504949693822)	0
(2.74307088250038, 8.81387553649493)	0
(2.362899906503063, 9.285057019856664)	0
(2.2932710075620704, 9.044598331003922)	0
(2.8226558611151216, 9.542123199759978)	0
(1.9546861574418932, 8.867366170867646)	0
(2.771957261858015, 9.18908600770172)	0
(2.5984625163550725, 8.51578754028278)	0
(2.256427924642365, 8.380833425627952)	0
(2.230233982380501, 9.228398621645594)	0
(2.9249866573235628, 8.59016245011823)	0
(2.327086771056374, 9.569576542354584)	0
(2.406081946285373, 8.289273337153805)	0
(2.245085650305, 8.643108803712531)	0
(2.524386693133342, 9.090230827260386)	0
(2.4850188569895093, 8.268630149740142)	0
(2.6752709725632062, 8.546702012577645)	0
(2.449244059960482, 9.024532610473965)	0
(2.991649905488912, 8.018248168587274)	0
(2.3243318059966445, 8.802368632654817)	0
(2.6185792110560224, 8.530497086741942)	0
(2.996223666304747, 8.78066544726938)	0
(2.752952871336179, 9.153099668874416)	0
(2.5863085522344527, 9.045714938105709)	0
(2.159053018921699, 8.258629311069217)	0
(2.6941362349737306, 8.971645597991431)	0
(2.090247792141036, 8.684855989856098)	0
(1.379630339613529, 8.929839422010385)	0
(2.9088700961931737, 9.343319664689233)	0
(2.574923952761474, 8.912172274449016)	0
(2.2897436522924854, 8.476335409099137)	0
(2.154783104059327, 8.859347000546245)	0
(2.3929457906848413, 9.121404657775667)	0
(3.0092603212575977, 9.343067683556267)	0
(2.4446788941152526, 8.634669136180356)	0
(2.336574316805703, 9.103561688009393)	0
(2.346109940719112, 8.97379548355492)	0
(2.6320137130287162, 8.858172552300925)	0
(2.646392298349569, 8.35747671687301)	0
(2.5818964390064076, 8.669326653149627)	0
(2.416156513812511, 8.377195115805124)	0
(2.3376952213662703, 8.671792340798984)	0
(2.574143058166793, 9.567903288215435)	0
(2.143161839981704, 8.451707472533851)	0
(2.5407674079922495, 8.925384551743848)	0
(1.7594373938883576, 8.45669903646439)	0
(2.4330721321824926, 9.053982969495)	0
(2.503445142924419, 9.183736525466564)	0
(2.264964579453707, 9.198177809518986)	0
(2.0869688308499508, 8.954362625868649)	0
(2.838691533235588, 9.168227557922984)	0
(2.478679047859195, 9.018451833211948)	0
(2.441727208652116, 8.448374516812034)	0
(2.0071690770450004, 8.468782487795227)	0
(2.8575870089237903, 9.338182380675999)	0
(2.0246023957683703, 8.188482041043137)	0
(2.0639722966008347, 9.27572137919158)	0
(1.7086984589626688, 8.966611981560199)	0
(1.971730426417992, 8.590037129173947)	0
(2.653482955882043, 8.093080659823245)	0
(2.853594673923857, 9.07486468170241)	0
(2.442511309722322, 8.040934220988689)	0
(2.3628256897081004, 8.526835389924678)	0
(2.5212811726557294, 8.412019986978674)	0
(2.128494285948051, 8.974060636744529)	0
(1.8800968584517168, 9.124055953846463)	0
(2.061596076386583, 8.925435075734814)	0
(2.7532594157683876, 8.775092246821936)	0
(3.003850219656284, 9.292255949332976)	0
(2.159109363616249, 8.411255993922884)	0
(2.3366324477990474, 8.489965888508891)	0
(2.633295168903133, 9.643876261931974)	0
(2.274330050683063, 8.582041004018667)	0
(2.0858379836579304, 8.008298053047225)	0
(2.371444689903804, 8.034354672271109)	0
(2.0189046713963075, 9.019830650478395)	0
(2.480387306865797, 8.796488079276749)	0
(2.350989297783959, 9.168235080813567)	0
(2.039389397633485, 9.114400202574393)	0
(2.0721257839181932, 9.072923344207988)	0
(2.2808377764664343, 8.908868331355436)	0
(1.7574694053593065, 8.7541942555919)	0
(2.4258845308502557, 9.089593199509785)	0
(2.2490420325981346, 8.221087093689162)	0
(2.9061944895752996, 8.63214611138294)	0
(2.384961613517951, 8.83796027653171)	0
(2.68234315936393, 8.47578054189268)	0
(2.3306276992055066, 8.84299957744307)	0
(2.712527579445508, 8.58756063451209)	0
(2.93945211216295, 9.408798090943725)	0
(2.1653165071523413, 8.769696595017429)	0
(3.0654129966362933, 8.745357546732508)	0
(2.6251476589382796, 8.921413577297706)	0
(2.3867689339243676, 8.788205943472569)	0
(3.145706330402879, 9.241202318418276)	0
(2.536864075535105, 8.730569856235618)	0
(2.5628722076075836, 8.457019491566111)	0
(2.836782818046508, 8.819432071755474)	0
(1.9913236408858646, 8.653589485334379)	0
(2.695319981548367, 8.91995210120057)	0
(2.0911816168278246, 8.95304997452394)	0
(2.7597014344777278, 8.704667312230967)	0
(2.3880277950820146, 9.054391539344154)	0
(2.3587120218828073, 8.8848168167703)	0
(2.471089133472137, 9.083383793418117)	0
(2.3257508608982147, 8.538982975272624)	0
(2.2527113027279078, 8.665134415566161)	0
(2.1715502651687286, 9.201606891281484)	0
(2.7633779861943, 8.824807245585989)	0
(2.441592735018406, 8.948268046687486)	0
(2.940098355119124, 9.284319880800416)	0
(2.207069775103836, 8.726941163220333)	0
(2.0907033836272584, 8.745827428808713)	0
(2.4270537288116203, 9.036038186997306)	0
(2.624391182826022, 8.6692712825494)	0
(2.2212914412160627, 9.19650387329303)	0
(2.718461262092829, 8.887914359357426)	0
(2.0959989675544572, 8.993906048046256)	0
(2.35308160278116, 9.110572794504213)	0
(2.3524098049188513, 8.969618433924305)	0
(3.2391565230719794, 8.599759128108312)	0
(2.66594292146716, 8.534579715851905)	0
(2.1854364438268754, 8.50052199139575)	0
(2.5390026426336743, 9.490039794651752)	0
(2.537292703778931, 9.109506428712283)	0
(2.5418413459001097, 8.578458196490285)	0
(2.2150132154252127, 7.890631234143291)	0
(2.4834138984070764, 8.613276736476923)	0
(2.3002308826840934, 9.007749105368084)	0
(1.6945807579854382, 8.899310451133909)	0
(2.3422345417514623, 8.834676190258069)	0
(2.352820845615765, 9.102040829073289)	0
(2.3406988815793532, 9.369119793828734)	0
(2.9590371976615675, 8.23974581371883)	0
(2.3131890174505627, 8.260670693705535)	0
(2.6678042295676283, 8.630029712573418)	0
(2.5842307902191344, 8.578126283964)	0
(2.5119656816682836, 8.971731665360272)	0
(1.8737838804918159, 9.350630086049055)	0
(3.0585016947257007, 8.346799969939967)	0
(2.4321013120457424, 8.881913335306994)	0
(1.721074934664566, 8.565487477903778)	0
(2.5424993365724973, 9.025257237091383)	0
(2.022022232081965, 8.614235193711696)	0
(2.951234523566201, 8.5635859006518)	0
(2.3834270308332486, 8.589645506023183)	0
(2.1512466876047203, 8.848560774308082)	0
(2.7632329686450587, 8.198577252776545)	0
(2.467994052601573, 9.108961076902629)	0
(2.5089772872279172, 9.01985395434752)	0
(2.507087846026946, 8.72005252610975)	0
(2.5669046349769102, 8.940688397401507)	0
(2.4737531086755995, 9.31570186694242)	0
(2.9938209018430313, 8.728079288418723)	0
(2.2870258986879595, 8.699022418043127)	0
(1.5315420556231234, 8.308933270041027)	0
(2.4864148898637355, 8.741791462175629)	0
(2.0354374014714955, 9.354490435335455)	0
(2.6565682823106047, 9.424849945423263)	0
(2.863867707775321, 9.262356226770331)	0
(1.6628136394702653, 8.544801933167797)	0
(2.5559218840887397, 8.89170947178316)	0
(2.3399283635644763, 9.074796900738445)	0
(2.3118111595197517, 8.595074270812065)	0
(2.052408752206321, 8.51861445267415)	0
(2.382486849811448, 8.33895457314844)	0
(2.3675009675350775, 8.451606473383759)	0
(2.4443220338127456, 8.824955750595047)	0
(3.1140174821691904, 9.340004889993274)	0
(2.7697784650303223, 8.671029192310415)	0
(2.402769083402113, 9.041559215599278)	0
(1.7810484243213787, 9.009423781924506)	0
(2.68822040476323, 8.885254563799924)	0
(2.175660408103592, 8.94460666032748)	0
(3.0033956064690392, 5.047060026963481)	1
(3.126545563134832, 5.241846836161797)	1
(3.0036467373862883, 5.058217041479067)	1
(3.489504622833231, 5.221145192599186)	1
(3.503635536694146, 5.27783564871064)	1
(3.3429120188644696, 5.354244804891923)	1
(3.4748642637870684, 5.095861688775689)	1
(3.8580968196096626, 4.863820933353823)	1
(3.1891618766378995, 5.097487732329513)	1
(3.24746781962177, 4.993419471377059)	1
(3.466129296681362, 4.953406906241242)	1
(3.676933143606098, 5.155439193803283)	1
(3.6398530945729433, 4.950368640846315)	1
(3.829509177196882, 5.096911967680942)	1
(3.548346660299942, 5.575841689219637)	1
(3.3223098236969095, 4.892019735569821)	1
(3.7579204679713354, 5.326996991054156)	1
(3.444627965151359, 5.942478385406239)	1
(3.5132006263583033, 5.223741860096284)	1
(2.924882503465864, 5.704047451089149)	1
(3.3416020624864435, 5.620143993263906)	1
(3.316206822027263, 5.427559474499665)	1
(3.108081133766918, 5.770262107477612)	1
(3.2028291436937004, 5.335540902467616)	1
(3.906074592785988, 5.053376682032747)	1
(3.334602342147817, 5.5278360226281045)	1
(3.086068616350234, 5.141273411175458)	1
(3.4644742977515826, 4.999711487248799)	1
(3.435851269501212, 5.234421959336046)	1
(3.5756357053263623, 5.2745279773263825)	1
(2.890502368793692, 5.526246990899106)	1
(2.9762205570688534, 5.724176674275123)	1
(3.9043017041919508, 5.442284486747019)	1
(3.3460320709638536, 4.6068671891936255)	1
(3.273929100253219, 5.532447713074753)	1
(3.3204675956914667, 5.237774728254638)	1
(3.6723886840571516, 4.862759162402916)	1
(3.911926066967159, 5.136255348498049)	1
(3.2816873798804673, 5.246596419100491)	1
(3.887767047728686, 5.504827197640893)	1
(3.5053969606156685, 4.99102372089972)	1
(2.987847840089075, 5.0435642375064615)	1
(3.104992598280806, 5.801468241317718)	1
(3.7512661425831655, 5.061896069501622)	1
(3.058978360010487, 5.557824148803139)	1
(3.072735907217006, 5.075358631726747)	1
(3.1487442817485, 5.1825990933867265)	1
(3.0363119406738472, 5.402507178773316)	1
(3.695411388738952, 4.808837608374585)	1
(3.3309912592616087, 5.189548601817537)	1
(3.2701258518024785, 5.5174516052057)	1
(2.6771469918361745, 5.580430851941053)	1
(3.2422784749461115, 5.3769868004359935)	1
(3.6354265771947594, 5.170667936820843)	1
(3.5058281251325933, 5.23112539082682)	1
(3.8369214522801443, 5.514225541311691)	1
(3.5918205596168646, 5.681988806056698)	1
(3.0368630739378997, 5.120011596783096)	1
(3.63494331231057, 5.789400777823236)	1
(3.3902863470642903, 4.993044880353001)	1
(3.6869210301968, 5.537957707360443)	1
(3.4492812048261303, 5.764692981783232)	1
(3.6096404092631484, 5.711885426066584)	1
(3.162854924495849, 5.262624836116623)	1
(3.271537259114006, 5.470594296822731)	1
(2.840023981102539, 5.4355348427841195)	1
(3.104330514012419, 5.059815949130757)	1
(2.511391045003894, 5.106004206199384)	1
(3.1591382869751956, 4.995370631184229)	1
(3.669209312476307, 5.315183527449984)	1
(3.4673948775971284, 5.69140148686624)	1
(3.3816327379301043, 5.528116793758217)	1
(3.165608544549013, 5.228114474736617)	1
(3.2525242619828645, 5.085910101712225)	1
(2.9579794627876774, 5.2889451336407625)	1
(3.487790674897914, 5.5767229752227045)	1
(2.8255112842203705, 5.232126389119435)	1
(3.396684328838494, 5.286367081542003)	1
(2.9831612471316182, 5.387789272312192)	1
(3.1440139437161094, 5.161020972240177)	1
(3.518271555391255, 5.244093358761144)	1
(2.951185872930887, 5.152532462427854)	1
(2.715096718869134, 5.140715267246946)	1
(2.989621824944031, 5.1984855633445495)	1
(3.463962580333111, 5.182328833072897)	1
(3.1406267219349777, 4.991832858734173)	1
(3.217501234272215, 5.2668121827155865)	1
(3.339917874265002, 4.797781419185623)	1
(3.2800358080056933, 5.008497074720308)	1
(3.7164483844382272, 5.046983659681869)	1
(3.566451795181223, 5.387485700355662)	1
(2.9485914953250707, 5.311027406852243)	1
(3.3232550286012366, 5.379000930036283)	1
(3.3152796958611352, 5.314104930945947)	1
(3.5323386176908182, 5.267710169439908)	1
(3.1731847815472047, 5.695356670528279)	1
(3.4512400051374192, 5.301583436728406)	1
(3.3820405289532776, 5.569764842319345)	1
(3.3893022095649488, 4.906113132494213)	1
(3.2660056037052567, 5.698709426934459)	1
(3.6972860609563005, 5.030944960602561)	1
(3.6672653321668776, 5.173477364558695)	1
(3.378874959103227, 5.22239123438375)	1
(3.2101714633694445, 5.829980427746598)	1
(3.6391798660652097, 5.615358980041096)	1
(3.3612838598055657, 5.307144273074059)	1
(3.321961850340774, 5.228856334168422)	1
(3.777608458922005, 5.392587377965447)	1
(3.7923525800029645, 4.951488779798745)	1
(3.594932813985537, 4.899581193694262)	1
(3.023112953126095, 5.363937946661239)	1
(3.4283389955831054, 5.313974781532978)	1
(3.4400137874661114, 5.234785216138738)	1
(2.8105589537309146, 5.419693068675196)	1
(3.1443026214188876, 5.063330838186524)	1
(3.7930452300954443, 5.852084391654385)	1
(3.178906288869726, 5.31282466020702)	1
(3.665093719744326, 5.4851576697940025)	1
(3.5866923876670778, 5.333795594649418)	1
(3.193778138964813, 5.418099489244873)	1
(3.612559826763367, 5.411611937609531)	1
(3.3337576695569613, 5.497918278617962)	1
(3.232642950388684, 5.503885162662882)	1
(3.6070587358056434, 5.591295275568121)	1
(3.1918278575994163, 5.328473882241238)	1
(3.1156332511176585, 4.866613710661008)	1
(3.6121755124279096, 5.879741805446457)	1
(3.105286846206617, 5.3216860557355234)	1
(2.794299723011413, 5.2858103363626086)	1
(3.608641034629594, 5.726799705350057)	1
(3.3039517259576066, 5.196323318453631)	1
(3.498105744179831, 5.406478620847602)	1
(3.3375256639116704, 5.669351832774092)	1
(3.0703006694186104, 5.069816987855487)	1
(3.80354242135871, 5.616741862272993)	1
(3.0398598301509976, 5.274320909220415)	1
(3.368401556083694, 5.39002463223184)	1
(2.954510123252784, 5.473563674203988)	1
(3.0719817458088845, 5.1964710219503445)	1
(3.293964530417774, 5.805959052758978)	1
(3.1196771072327376, 5.484059870934762)	1
(3.2459652002054127, 5.337645873310607)	1
(3.461108364377001, 5.208370356167079)	1
(3.196969508337343, 5.118245929471168)	1
(3.055042651827653, 5.274292349141875)	1
(3.243457021966691, 4.735419698873666)	1
(3.297921535871581, 5.666102476810972)	1
(3.5257522425586294, 5.589490277588566)	1
(3.5635530757265914, 5.191773338888766)	1
(2.466113751790358, 5.186480726468652)	1
(3.2337782723132498, 5.010111951696819)	1
(3.7907145328568026, 5.300965595962738)	1
(3.0544253349558566, 5.240618261555669)	1
(3.406070410103096, 5.606084675134492)	1
(3.7179414108855346, 5.266862712564373)	1
(2.8318932195762714, 5.476952339924256)	1
(3.1550555534256004, 5.252242225640491)	1
(3.4168130514963893, 5.44551142375771)	1
(3.017290389636806, 5.248200894758327)	1
(3.253464244077994, 5.44497090592357)	1
(3.315562975250545, 5.128338536723298)	1
(2.980758751410465, 5.1184008087999935)	1
(3.3606164801815317, 5.335995202603954)	1
(3.307116753060267, 4.845860574116746)	1
(2.896221864764091, 5.407614390288785)	1
(2.959103175382433, 5.491758520330169)	1
(3.5144384194727114, 5.651095958353013)	1
(3.6510305388816793, 5.5344666439412435)	1
(3.527522036200159, 5.532149739079054)	1
(2.754650976267703, 5.462543327773501)	1
(3.12976339387655, 5.225793498822685)	1
(3.1933812697543136, 5.185792983561169)	1
(3.2970016444536117, 4.865115870284872)	1
(3.4353113162500346, 5.007043013242365)	1
(3.576423772635417, 5.480561686382107)	1
(3.0016336083558555, 5.108987875976432)	1
(2.947094893192162, 4.932248527667949)	1
(3.411199950338391, 5.724128356375608)	1
(3.6323383401468403, 5.3495139569747145)	1
(2.31237360515223, 5.1010503628444095)	1
(3.344985267723471, 5.105769212393958)	1
(3.396359366542732, 5.008381527096829)	1
(3.467985581460783, 5.779871079578276)	1
(3.5235086037736063, 4.662612619021531)	1
(3.3591059936843775, 5.400611301744463)	1
(2.6245921713495166, 5.210967258113368)	1
(3.261558824777485, 5.929304836100444)	1
(3.3122189857466697, 5.602592650984703)	1
(3.431250044699133, 5.4674006964030335)	1
(3.4002622212998928, 5.246180984927704)	1
(3.093432662067357, 5.1877843527221055)	1
(3.4949507758705276, 4.957612782688402)	1
(3.469862037244583, 5.68042054432995)	1
(4.093170418099994, 5.054071431212623)	1
(2.7484229430932428, 5.6540566806523325)	1
(3.5420969201912653, 5.281793391966568)	1
(3.960834249570421, 5.095692589696737)	1
(3.4247241245494555, 4.783659640911081)	1
(3.0661283629242106, 5.234568991244326)	1
(3.7057554393515675, 6.078396921850683)	1
(3.22013649510638, 5.4327330924260755)	1
(3.293261324320399, 5.374829541514938)	1
(2.9818570582001107, 5.84430069832149)	1
(3.0387425583047993, 5.0126832510988155)	1
(3.615943040489226, 5.051664635591019)	1
(3.8303909803704688, 5.224903241697169)	1
(2.996825678438517, 5.778216856426997)	1
(3.388477056838989, 5.235980316479652)	1
(3.344855764063318, 5.2851691212382255)	1
(3.3775519322574317, 4.829787685383667)	1
(3.408131638115395, 4.928877983698991)	1
(3.0775134386793908, 4.904471596505399)	1
(3.071239162832962, 4.936369837646401)	1
(3.2760994508070658, 5.269266150970112)	1
(2.799149515476557, 5.276561419379093)	1
(3.7832005997389904, 4.9017497905910545)	1
(3.44272589145363, 5.047882022682142)	1
(3.282296189251686, 5.292752137459105)	1
(3.3202105115500906, 5.376215490984628)	1
(3.5616286121086382, 5.020575659003281)	1
(4.003297497578973, 4.7419288339797)	1
(3.635376469376446, 6.114924746634522)	1
(3.812056131996051, 5.7198806262019675)	1
(2.9432893128491346, 6.16023735317558)	1
(3.443659168502871, 4.897741105240602)	1
(3.337031200232551, 5.243546385798037)	1
(3.4883252165629637, 6.091412055834947)	1
(3.12344626865227, 5.433150895681052)	1
(3.175394764646788, 5.151468762645228)	1
(3.032782760019225, 5.7862551609019865)	1
(3.1081993217672617, 5.076132085897326)	1
(3.0588874334067317, 5.126723827670527)	1
(2.9357134569673593, 5.668821955029216)	1
(3.214625568311412, 5.188957663341117)	1
(3.215424573149923, 4.99105327463001)	1
(3.706761119880231, 5.378362638264385)	1
(3.9240295652145116, 4.844914417304793)	1
(3.377903718534811, 5.260469560464233)	1
(3.5128276982141626, 4.882756105982772)	1
(3.4893774532973754, 5.746594500336825)	1
(3.2599462352799184, 5.057185430872939)	1
(3.241917648864308, 5.675118847336494)	1
(3.241408378809736, 4.866206083310414)	1
(3.495200876116778, 5.122604181424558)	1
(3.6181481613678526, 5.632549656494351)	1
(3.1651099721607507, 5.298664194676283)	1
(3.7434418528468445, 5.284306144408817)	1
(3.0146832168946216, 4.859021447801306)	1
(3.2820468088138806, 5.532455122026889)	1
(3.121165830656335, 5.190982438481535)	1
(3.6586857090966807, 4.946685976596226)	1
(2.8595703842777596, 5.280323401575977)	1
(3.2265252372980546, 5.456472889296955)	1
(3.8925128570354453, 6.1407241212821635)	1
(3.036194197524136, 4.79237892823967)	1
(3.1235537338516255, 5.841753108113459)	1
(2.914212307627214, 5.215510517679592)	1
(3.0723753330940364, 5.449741744625943)	1
(3.2833241854763657, 5.733830808351379)	1
(3.562654232483828, 5.800203208450861)	1
(3.591879103966889, 4.738997259490076)	1
(3.241816419169265, 4.84083242600108)	1
(3.011375559457153, 5.0303352923575835)	1
(3.5085087081872244, 5.022301868211018)	1
(3.4999854106582258, 5.609659555566871)	1
(3.332942401275678, 5.218921127226089)	1
(3.7155977198882306, 5.646877203088876)	1
(3.2466695633415177, 5.564201710723801)	1
(3.735104227600282, 5.177801318410118)	1
(3.356234149976565, 5.849660083560556)	1
(3.361007719194147, 5.423220802325785)	1
(3.4798433176793675, 5.044873773123337)	1
(3.80578382620327, 5.177313686755764)	1
(2.826879126248053, 5.46291491306934)	1
(3.667475980175134, 6.110719810362543)	1
(2.7059968042802485, 5.1713203289362255)	1
(3.4534125144794543, 5.345576355596299)	1
(3.2621061101184865, 5.06831258404504)	1
(3.493228178321364, 5.661903898713315)	1
(3.2642123942200696, 5.682225328002401)	1
(3.206176493706461, 4.835789958780333)	1
(3.062780871197078, 5.442186021422396)	1
(3.305896442161068, 5.531251060856979)	1
(2.8132048280316955, 5.681889189118738)	1
(3.457964097358047, 6.084974570853914)	1
(3.3879986552185977, 5.30574413341245)	1
(3.2603938448163166, 5.005853160906998)	1
(2.741107598215132, 5.150435152838711)	1
(3.5962816302623866, 5.010661313563405)	1
(2.8561624127658893, 5.829939939839412)	1
(2.449102095562553, 5.435972341831459)	1
(3.5826216612034423, 5.482855790198923)	1
(3.350963193191709, 5.938157151083088)	1
(2.9096152894364984, 5.665601628594995)	1
(4.104214589010839, 5.26092018889096)	1
(3.705066420232882, 5.422463400245495)	1
(3.385713678785343, 5.678310061165269)	1
(2.948691788873331, 5.168375275128913)	1
(3.3010012551270282, 5.085299657109579)	1
(3.340381362735371, 5.2904143159281665)	1
(5.650294858339481, 8.798375915867345)	2
(5.686522278181496, 8.728565275434724)	2
(5.0893015572827265, 8.571029587004324)	2
(5.36413499849363, 8.793274658934875)	2
(5.248976409048665, 8.614819888802229)	2
(5.205157451393612, 8.737868057605013)	2
(5.5088387597098105, 8.652925564855323)	2
(5.277282770599666, 8.809091961383615)	2
(5.269047424135338, 9.08658650688103)	2
(5.551972432731307, 8.816817059416376)	2
(5.41985368444894, 8.81771264817466)	2
(5.427088485132382, 8.802577014974862)	2
(5.321002202778654, 8.646175917867165)	2
(5.272091062505678, 8.482613024775013)	2
(5.490502176589747, 8.821945783431456)	2
(5.130323378355328, 8.753939368936745)	2
(5.2716164929475955, 8.728155470132986)	2
(5.262820242541241, 8.570591440285396)	2
(5.531454967907367, 8.725734413848054)	2
(5.576063760438422, 8.502607980129783)	2
(5.609800917140961, 8.969999471899111)	2
(5.3226959612665565, 8.839864923472861)	2
(5.392116004248223, 8.811678741706078)	2
(5.6621469717035, 8.790256580766574)	2
(5.353330746488563, 8.708992828886617)	2
(5.43276475644276, 8.761144798618226)	2
(5.543651015696324, 8.526586678446769)	2
(5.4129798474048085, 8.760833716263342)	2
(4.973296586732268, 8.608295034324174)	2
(5.401675189597922, 8.756349311815608)	2
(5.367299797480822, 8.553333610239255)	2
(5.412786748821615, 8.586415158204947)	2
(5.225873483348585, 8.600350258986703)	2
(5.378008475292217, 8.687348986278568)	2
(5.289423541001847, 8.698729532282854)	2
(5.031278792784181, 9.061894861368582)	2
(5.1993964131322485, 8.63022863008208)	2
(5.494072383609673, 8.822305322341204)	2
(5.53219458121958, 8.616777802185501)	2
(5.302032797013723, 8.625307983577928)	2
(5.452010356845019, 8.574111955416463)	2
(5.469343505817214, 8.782347709359096)	2
(5.549702233910571, 8.805412138089343)	2
(5.51576450802629, 8.64239853330031)	2
(5.570337862134815, 8.997459122608667)	2
(5.310558979172217, 8.802843904370992)	2
(5.529180573928775, 8.56993193209671)	2
(5.557512333212383, 8.823533317619637)	2
(5.151735890112585, 8.540792965107881)	2
(5.7336505253181445, 8.92725664188921)	2
(5.4102068093642, 8.816282296719157)	2
(5.4732677250870445, 8.87163415543507)	2
(5.501017981812712, 8.62145594991527)	2
(5.685276860007321, 8.856435678196686)	2
(5.5927414707225775, 8.612436118036298)	2
(5.174158900540534, 8.714783825870745)	2
(5.307092406237132, 8.818031986875338)	2
(5.39663607285517, 8.91257663522553)	2
(5.562240393326681, 8.710439095831902)	2
(5.433353966438651, 8.560953620541712)	2
(5.4189100509369865, 8.38262693635345)	2
(5.473218682456107, 8.65593676612896)	2
(5.342221809339285, 8.545849189227479)	2
(5.446182666801686, 8.352112311393196)	2
(5.372166870937816, 8.76426765816824)	2
(5.204787477262511, 8.79029931243121)	2
(5.336786841010664, 8.774488483917006)	2
(5.49366235081512, 8.785490497047132)	2
(5.43826499795384, 8.661753543526165)	2
(5.19663810609179, 8.796523226909368)	2
(5.608258956746122, 8.760691993322167)	2
(5.381956673431103, 8.836861288540538)	2
(5.366122673998209, 8.729776760752205)	2
(5.548594581176427, 8.500295297976407)	2
(5.304585375635514, 8.71950179189415)	2
(5.380385144489466, 8.583089332895701)	2
(5.595498658658664, 8.45621019281691)	2
(5.323510080772867, 8.861266780372903)	2
(5.381235861140009, 8.562237852934482)	2
(5.259494982813347, 8.699467131827667)	2
(5.302817061868531, 8.761947734956548)	2
(5.2919412770177, 9.020211516234353)	2
(5.3795102095997525, 8.433099183226712)	2
(5.27091347672884, 8.88228534802842)	2
(5.568747599583913, 8.744791684184925)	2
(5.720192894688727, 8.657559281168245)	2
(5.051552030831001, 8.748724364379846)	2
(5.544510119626963, 8.588770913974916)	2
(5.452541709704358, 8.955919321183298)	2
(5.4742587563252, 8.766019920599636)	2
(5.313985425120519, 8.868905852636084)	2
(5.55674798008851, 8.635366768403632)	2
(5.1773042506561895, 9.021709790721154)	2
(5.362274782082895, 8.837022212235278)	2
(5.2494951854839105, 8.592355088246087)	2
(5.466483435794252, 8.54735557778057)	2
(5.442253922946035, 8.75955172200926)	2
(5.529942567065657, 8.55675529360683)	2
(5.2639548288659235, 8.52391690117446)	2
(5.622611989186334, 8.792193156210063)	2
(5.2829499135342495, 8.70639366715932)	2
(5.357986944364712, 8.60829688396585)	2
(5.147248462588116, 8.534269745282721)	2
(5.587252943434271, 8.746780372405215)	2
(5.325142539324319, 8.566834027753716)	2
(5.297112145678558, 8.704779033069638)	2
(5.390890121982665, 8.633435633316918)	2
(5.483052829904132, 8.741326686321822)	2
(5.460067968691312, 8.612854489090532)	2
(5.423708524716838, 8.453250270000895)	2
(5.369205395295739, 8.791502963054635)	2
(5.336788223477307, 8.752977518113951)	2
(5.439076183987604, 8.818936386149392)	2
(5.645148052374422, 8.893967961043636)	2
(5.680720885845381, 8.61267221153355)	2
(5.396842872601339, 8.293956525430303)	2
(5.169710541598933, 8.577470272666991)	2
(5.1554719310313395, 8.728816465640232)	2
(5.322559860910903, 8.888884848951914)	2
(5.360370832373989, 8.974990030068964)	2
(5.483613933400381, 8.628595957866635)	2
(5.3088909323198585, 8.251005253396096)	2
(5.359056779184747, 8.949812499057279)	2
(5.3539800897674406, 8.707296968903785)	2
(5.587242468222063, 8.996457720533588)	2
(5.3701561378073865, 8.697882892537677)	2
(5.450710885066045, 8.962748710546617)	2
(5.5429972083796875, 8.831229876415915)	2
(5.236833772502536, 8.768931785193038)	2
(5.330768766774642, 8.606665270593139)	2
(5.411759528983576, 8.78807274801824)	2
(5.462855554657299, 8.649165787661415)	2
(4.987059625105451, 8.79669032540011)	2
(5.357132511949242, 8.705871217165102)	2
(5.477572137113357, 8.541770615279864)	2
(5.3716835759264185, 8.75057006068401)	2
(5.210016060981914, 8.758480256849445)	2
(4.983110776712055, 8.744670981679008)	2
(5.220030884127508, 8.383812461959927)	2
(5.348678845420232, 8.598139346484746)	2
(5.319327995506412, 8.800336420844223)	2
(5.4681597315478045, 8.580270052071652)	2
(5.353169767918719, 8.774340680076449)	2
(5.381168715530148, 8.884081074611295)	2
(5.649292803386032, 8.337294081272823)	2
(5.460849226347364, 8.880517331283093)	2
(5.31490176274953, 8.768632634770151)	2
(5.448243320845856, 8.756230312773148)	2
(5.541175683900099, 8.746708030347444)	2
(5.4000753621178195, 8.569280761653742)	2
(5.434395260764798, 9.003143463605747)	2
(5.582345084452195, 9.025388080068145)	2
(5.37083778442596, 8.67914898054968)	2
(5.278293645805751, 8.752515181533294)	2
(5.43448701798594, 8.62335013306631)	2
(5.489187338987538, 8.75804072966162)	2
(5.574603309152848, 8.46626778185949)	2
(5.559950830695078, 8.859716102342286)	2
(5.421101167531367, 9.082577689273055)	2
(5.395858752088682, 8.737063237831828)	2
(5.376847290934395, 8.81334022735333)	2
(5.29819211792378, 8.87243524363169)	2
(5.005162996385097, 8.618686167909459)	2
(5.5463392137113425, 8.467532558635666)	2
(5.556802558943465, 8.82368953547955)	2
(5.200646832725225, 8.629989680828386)	2
(5.611812887612447, 8.271921134054802)	2
(5.031808546711646, 8.560253492749379)	2
(5.327004871927805, 8.514608696111434)	2
(5.5830349092352405, 8.729052408443769)	2
(5.393527841328601, 8.751638260981334)	2
(5.132082565136029, 8.766971889872671)	2
(5.280791335698153, 9.035456380389784)	2
(5.36094136120876, 8.838670765281119)	2
(5.4271795832494, 8.800106929772442)	2
(5.332770902270973, 8.71684993378809)	2
(5.262491341814724, 8.9982150064992)	2
(5.368176366527157, 8.6333452999625)	2
(5.241990751422151, 9.056449743048042)	2
(5.423857198085599, 8.65689445511231)	2
(5.272028345482542, 8.775402374382718)	2
(5.3572384331964615, 8.801360504946512)	2
(5.116042999326477, 8.763014289853974)	2
(5.121182252751568, 8.503544753506882)	2
(5.362999555559448, 8.810707409963541)	2
(5.516605912376277, 8.625784947849064)	2
(5.243432073594597, 8.848063303202892)	2
(5.4945318152922455, 8.786877610061161)	2
(5.591096653899529, 8.806652210584652)	2
(5.121932761359188, 8.929490111350084)	2
(5.273976974845587, 8.906492160570357)	2
(5.583886454856698, 8.669171810889281)	2
(5.385958894591073, 8.731290300164305)	2
(5.479689329891007, 8.975812569114849)	2
(5.25072943999577, 8.797132484855611)	2
(5.487209465300747, 8.70290313508726)	2
(5.498188448923891, 8.743779369419547)	2
(5.586871072639963, 8.637118566272726)	2
(5.675434946489935, 8.58397114518731)	2
(5.448815610323202, 8.684786556577112)	2
(5.655218064046267, 8.866297956345147)	2
(5.362098995218298, 8.575783705424628)	2
(5.253682862085709, 8.700839845227486)	2
(5.428465367282204, 8.585360985550096)	2
(5.122511618032501, 9.00769720213433)	2
(5.207672668128295, 8.754617725019703)	2
(5.402360214034701, 8.792438884650863)	2
(5.3911035935733445, 8.820901384486751)	2
(5.466386724463283, 8.934288777277787)	2
(5.378480675639273, 8.992501140812761)	2
(5.396971612764633, 8.91917564972636)	2
(5.459128163613338, 8.848924866146039)	2
(5.514843310719292, 8.933956644219283)	2
(5.390517144769655, 8.82571262556975)	2
(5.306662504078378, 8.925890721253326)	2
(5.2734265307355725, 8.698172141477334)	2
(5.531360456063393, 8.65991592216687)	2
(5.4149225220482, 8.929017422556102)	2
(5.328195993840179, 8.67296313946931)	2
(5.545874230203922, 8.7697313550387)	2
(5.433419972161453, 8.861568164246934)	2
(5.041592228417487, 8.704889083106515)	2
(5.139921934900914, 8.804628936239691)	2
(5.228640026536173, 8.721391108321269)	2
(5.632118932161004, 8.41238777628335)	2
(5.272298142791108, 8.982316509358983)	2
(5.320716953557487, 8.709662655541925)	2
(5.461495358841225, 8.866561101555002)	2
(5.386739321296102, 8.633386053860075)	2
(5.157037880469874, 9.051366010192584)	2
(5.359166019623162, 8.764287640044763)	2
(5.199700455595798, 8.553071573513815)	2
(5.312445574403222, 8.655054846992256)	2
(5.5304374430936525, 8.650428535853484)	2
(5.081938666668159, 9.000252424976647)	2
(5.0934918367576385, 8.449211448405759)	2
(5.764894401465783, 8.694879217372037)	2
(5.390119423817179, 8.74027639331938)	2
(5.51085099372095, 9.017917281736265)	2
(5.4452227863232965, 8.801455836144049)	2
(5.526669807310227, 8.542956345061095)	2
(5.54934835369007, 8.780112287819199)	2
(5.354638514380105, 8.586081209743625)	2
(5.54999738420229, 8.51361955436593)	2
(5.313504573799411, 8.586266635196164)	2
(5.5861754569078625, 8.770159528233002)	2
(5.1714377867082435, 8.78702276354714)	2
(5.067001909665356, 8.809750513145719)	2
(5.691242905814208, 8.866848389037155)	2
(5.5589243662504115, 8.864994571544978)	2
(5.35422120541073, 8.748058495416059)	2
(5.240916594770324, 8.78647949370181)	2
(5.27117942381016, 8.796192305824123)	2
(5.414049628724881, 8.645735097096361)	2
(5.5020093372757595, 8.829761656132577)	2
(5.325569324282759, 8.79309812266273)	2
(5.467671399083417, 8.756269019176761)	2
(5.4435577514637785, 8.962717412187317)	2
(5.578428716807133, 8.96767640619233)	2
(5.179354988877843, 8.444934513845876)	2
(5.580288112344635, 8.519793003985427)	2
(5.340771838646687, 8.952555972498548)	2
(5.602872012926175, 9.028129557068809)	2
(5.675220860383171, 8.781823192400942)	2
(5.129183380321972, 8.942664017434566)	2
(5.128759081607443, 8.856827160046722)	2
(5.705972644569956, 8.490112123823124)	2
(5.414992996162678, 8.92857823455463)	2
(5.218581683571323, 8.835960147565665)	2
(5.469601222305438, 8.818764637257871)	2
(5.352055792508573, 8.618988498249836)	2
(5.351690855810663, 8.668260101151981)	2
(5.250036453454538, 8.665063313631562)	2
(5.866659012094784, 8.726629214970528)	2
(5.247855017254724, 8.61773763723126)	2
(5.055531736767996, 8.882883031855657)	2
(5.546446558991205, 8.652411619667832)	2
(5.4757302357262665, 8.724680652810587)	2
(5.360188226839483, 8.769438161268246)	2
(5.233485617625747, 8.668982719735654)	2
(5.307781660980948, 8.896866464622272)	2
(5.351456195878527, 8.590670530008031)	2
(5.346722347171885, 8.867082626384148)	2
(5.458595562282215, 8.834280141034018)	2
(5.302752375775376, 8.636170221185889)	2
(5.431112503014123, 8.474154635616667)	2
(5.3100390697122934, 8.718015910488795)	2
(5.549602420533269, 8.76879260584132)	2
(5.303322084234155, 8.949191139210068)	2
(5.162944961981424, 8.764057715433651)	2
(5.358074533688694, 9.155028977584882)	2
(5.4358006821950715, 8.76982350296897)	2
(5.605634276545095, 8.657999656726332)	2
(5.602028861558171, 8.820279583388622)	2
(5.579071671050629, 8.549924507366836)	2
(5.533533342891413, 8.59912912056619)	2
(5.7529988808764285, 8.798263231341453)	2
(5.5566881250784155, 8.546442405290199)	2
(5.4736758159423555, 9.10960262205748)	2
(5.518761952078092, 8.498484876114192)	2
(0.3167119332639671, 4.102555613474907)	3
(0.3919081985213442, 3.723814628565857)	3
(0.4507814466774886, 3.7896273134931198)	3
(0.6809860173578477, 3.8274752786075568)	3
(0.6482522734916014, 3.858737727652146)	3
(0.6082672275551009, 3.982512852318516)	3
(0.5634449537040768, 4.009852353248429)	3
(0.5306243141943006, 4.062889147199625)	3
(0.3109861257727979, 4.135618286796926)	3
(0.3852962593573114, 3.9694046086624075)	3
(0.43808278435248915, 3.857289837248811)	3
(0.40987368706098803, 3.862988597016172)	3
(0.481824176655471, 4.005318325775873)	3
(0.5361103705294844, 4.001090835072491)	3
(0.594721199496368, 3.995235033349937)	3
(0.7270114856654316, 3.990294968301457)	3
(0.43837408696971814, 3.9904996391790086)	3
(0.5825195832803762, 3.9506802823106963)	3
(0.5638306296902743, 3.855142191335877)	3
(0.48450312805841483, 3.9180503854162017)	3
(0.268686747222312, 3.9696260413959026)	3
(0.36151864253863275, 4.139965639901917)	3
(0.4040375265408659, 3.944298801523508)	3
(0.5439451149071848, 4.075682203731226)	3
(0.4501491770803206, 3.9621575810459344)	3
(0.7084741187369075, 4.029882249436107)	3
(0.5954898670069516, 3.883849464896331)	3
(0.34274934769251364, 3.9053220363455763)	3
(0.3413407111662373, 3.9629327071229246)	3
(0.38361051697448345, 3.8352283684182966)	3
(0.6120610976601915, 4.016950738010009)	3
(0.5276366771832748, 3.990830089069494)	3
(0.6578641844862418, 4.038173169275016)	3
(0.7000705697985256, 4.027952668575843)	3
(0.3010015855307011, 3.875253420975264)	3
(0.7907405425011276, 4.132852253159068)	3
(0.36048502890754963, 4.104191936207104)	3
(0.4866027865088929, 3.8515454482099076)	3
(0.4095208543867946, 3.909324353207293)	3
(0.2853924758038935, 4.0458531721300615)	3
(0.44383485751516016, 3.816976356671187)	3
(0.5203209272742653, 3.873093397343547)	3
(0.35552575853062174, 3.9856604557012956)	3
(0.687768514865056, 3.9826708119029077)	3
(0.5191986552484704, 4.004551031971529)	3
(0.6417760620007379, 3.9913966410770096)	3
(0.4810510751055415, 3.826084084870641)	3
(0.3724641821369335, 3.87906059706256)	3
(0.4785193665358144, 3.9647335013434137)	3
(0.49903396860096066, 4.082131911759284)	3
(0.4813018546490373, 4.13491576616306)	3
(0.41983943373673205, 3.805798956488801)	3
(0.498164326379611, 3.809482622219239)	3
(0.3387678200398081, 3.851909047835581)	3
(0.6356880520863495, 3.8452378448281217)	3
(0.3503731156346045, 3.6556682575711617)	3
(0.3816012956311767, 4.147559564234358)	3
(0.5498652753705039, 4.0247091491162905)	3
(0.5713337484693111, 4.237276113145613)	3
(0.5675307418289178, 4.13560070074646)	3
(0.4033040564030104, 3.9465939592387684)	3
(0.5159996595226031, 4.064393959958949)	3
(0.5949320418978947, 3.829068246066223)	3
(0.5853443924331573, 4.0656826706493785)	3
(0.6024714881381108, 3.9576997250208925)	3
(0.4094412411481566, 3.8423623048586615)	3
(0.6236232136137796, 3.9354998247640682)	3
(0.3244798348224875, 4.000108114734349)	3
(0.27404286798480465, 4.066861397590821)	3
(0.5303658955821318, 3.8819762521282892)	3
(0.5725356524160146, 4.111285149063977)	3
(0.47514852703970983, 4.076113781727688)	3
(0.5507357798743349, 3.7569659577310235)	3
(0.5653002694143122, 3.7324553562412475)	3
(0.4508641427967748, 4.0225902107362295)	3
(0.2806799900678675, 3.9952180066462533)	3
(0.47511347326069386, 3.7514752088349703)	3
(0.6082114113405758, 4.145016342539696)	3
(0.5441027865732018, 4.0444726707600935)	3
(0.3198387986551918, 3.891324602369436)	3
(0.45586179501342355, 3.983303892261242)	3
(0.5092008097158864, 3.8209571189471454)	3
(0.41401997172965815, 3.9293370470395237)	3
(0.49112253680568696, 3.909570765366126)	3
(0.5366688157867613, 3.986999257711133)	3
(0.3982492070712213, 4.215418447034835)	3
(0.5123165515930932, 3.9112265709904364)	3
(0.6665739008554954, 3.90239154398746)	3
(0.6490197356097885, 3.7365861402642233)	3
(0.384803835529535, 4.120703653904145)	3
(0.4473373060098021, 3.989712542738121)	3
(0.6028954174535317, 4.118687871114087)	3
(0.4313636681406289, 3.8849732294915187)	3
(0.5625491771928105, 3.904046963747123)	3
(0.6720380402104611, 4.069777416989069)	3
(0.43499092086084856, 3.9762788400861986)	3
(0.5051702536089087, 3.982970684462616)	3
(0.42313805090261225, 4.038885389372258)	3
(0.34532449562944134, 3.9045000819180795)	3
(0.4175191983934166, 4.0238409992179385)	3
(0.3254235959798376, 4.1005303257742725)	3
(0.6795914687916416, 3.802591753287297)	3
(0.4402336560304871, 3.948307825051494)	3
(0.5173989193648251, 4.215162786313693)	3
(0.5553709428014033, 4.266316010343673)	3
(0.6047593063998268, 4.117018720907615)	3
(0.7393693732024095, 4.053278070739301)	3
(0.5058185015367839, 3.8365485156038375)	3
(0.5415795771377856, 4.08337816588425)	3
(0.5578475956597571, 3.932535488847317)	3
(0.5488326428052911, 4.069624998136104)	3
(0.5034343792900802, 3.9228947754174626)	3
(0.4313942698144422, 3.9262090211654215)	3
(0.5085802626878977, 4.041033796965968)	3
(0.4538273805241379, 4.161141503531022)	3
(0.6279334613275407, 4.038830220916845)	3
(0.6269082120046426, 3.9766922436205228)	3
(0.530418903971122, 4.135889246904304)	3
(0.7632818301518052, 3.7235555878909725)	3
(0.34081185569396516, 4.0051488250184235)	3
(0.6991224365805452, 4.070232064061838)	3
(0.5815952430536588, 3.992648498559878)	3
(0.5679484873942517, 3.690740960054784)	3
(0.5127946934291132, 3.770055840920066)	3
(0.5354031686781845, 4.065441683478594)	3
(0.5419445103107383, 3.989931685105211)	3
(0.5796786620507267, 4.065305412149119)	3
(0.2912424179291566, 4.035376255497063)	3
(0.24962740361664837, 4.038795072971261)	3
(0.6967438204819489, 3.545553272018168)	3
(0.5276526736493997, 4.132269369740524)	3
(0.4658072872793905, 4.103046917919954)	3
(0.36841712111684033, 3.8520709661116697)	3
(0.6544506106417091, 3.9329745763629065)	3
(0.6451536984299601, 3.948465264299901)	3
(0.4527075933938246, 4.072646238705371)	3
(0.39944410503244915, 4.093427708061742)	3
(0.6127726128558267, 3.8836935839956706)	3
(0.4312710934776245, 4.010506809953973)	3
(0.48677920738100516, 3.930908649927342)	3
(0.551141222658563, 4.023684375959767)	3
(0.6066758984114801, 4.106226705771187)	3
(0.47049285371599925, 4.017666806456872)	3
(0.7495222133740091, 4.16505411168595)	3
(0.46367670660732063, 3.9505897664878167)	3
(0.4128050644400145, 3.761269116810438)	3
(0.8100893274358729, 3.9704087367886145)	3
(0.18655535561798392, 4.0737732475054225)	3
(0.5591206501251846, 3.880228725449332)	3
(0.6173295350900647, 3.9332204864197218)	3
(0.5455643059338695, 3.8510808153425398)	3
(0.6038143436865397, 3.940162920321501)	3
(0.6018410012429677, 3.887350281777349)	3
(0.42836998053745856, 3.8419868309265364)	3
(0.6451823034193838, 4.1029545319619185)	3
(0.6515653556525869, 4.068700485866406)	3
(0.41470726178218154, 3.9285272181608097)	3
(0.5423596350729174, 4.041098932976184)	3
(0.5518790932345068, 3.8850446143478945)	3
(0.6276061446920831, 3.9086496903181858)	3
(0.420133009786298, 3.890135972488297)	3
(0.47229929335625426, 3.7202646236158214)	3
(0.4348737392122403, 3.956067346134569)	3
(0.5292166916285418, 3.843360476601218)	3
(0.6867377604840015, 3.9601001312229127)	3
(0.7537729362533173, 4.104188660492972)	3
(0.4187810430534301, 3.928645373092699)	3
(0.49344126087428686, 3.987730510478332)	3
(0.4740590899064636, 4.01972213657046)	3
(0.2970622049101095, 3.937729506972066)	3
(0.4520194314696473, 4.065148030177904)	3
(0.5067767806877836, 3.9300843501034692)	3
(0.5281427057814951, 3.852824573858036)	3
(0.4683634662539939, 3.9982297910420352)	3
(0.4325866155747399, 4.022093273396204)	3
(0.4782793525211457, 4.1126066146569755)	3
(0.5459642689101256, 4.048436919609932)	3
(0.6577311013909269, 4.0963296255855814)	3
(0.3875710202175083, 3.9567264954550767)	3
(0.4515004179537529, 3.7558277705618464)	3
(0.4393717163523201, 4.116834221506915)	3
(0.424744278123275, 4.242187286849779)	3
(0.5802584681371988, 4.079064590891171)	3
(0.5631107898178854, 3.817166658620337)	3
(0.6871041208392197, 3.936035569369066)	3
(0.549640241415328, 3.8556814835013697)	3
(0.5071544737309908, 3.9522019203922674)	3
(0.3461570370463317, 3.9006669063433215)	3
(0.4610728121233623, 3.7936404032403157)	3
(0.5012314747922774, 4.072067794325428)	3
(0.5379313476695458, 4.132151764594337)	3
(0.37666915351477165, 4.170428678704067)	3
(0.5542758682558586, 4.093645200524525)	3
(0.39192004354109433, 3.9472749767218023)	3
(0.5103903322856929, 4.0346201869649745)	3
(0.47814996761640033, 4.012549568624154)	3
(0.5347660032275697, 4.00877120257494)	3
(0.7988680618370014, 3.8651116945998614)	3
(0.6946988316264386, 4.000664450169454)	3
(0.7036930466182714, 3.903978888524982)	3
(0.49235971984268584, 4.16124117705256)	3
(0.4968042261849586, 3.8979459528623344)	3
(0.5546741713046501, 3.8509389932277758)	3
(0.47771138767132826, 4.089557291940598)	3
(0.43221641717829495, 3.9356016978132358)	3
(0.27506720370268334, 3.8815134328685943)	3
(0.5318287360050789, 4.027506607357034)	3
(0.6104331984434029, 4.084234096185311)	3
(0.3514826200427269, 4.0854443884756435)	3
(0.5001082883259077, 3.897008644611284)	3
(0.4160242685841692, 4.046613514650149)	3
(0.5451193550309892, 3.8533758338697686)	3
(0.1787893566576066, 3.975604178549937)	3
(0.4919893844198563, 4.066665381994197)	3
(0.18489279139168158, 3.913525579249421)	3
(0.6967872890600543, 3.6732079505774022)	3
(0.43520983501344246, 3.794221225678456)	3
(0.5694024642116571, 3.9360498925226075)	3
(0.46762658022434145, 4.119037844040625)	3
(0.4048546312067531, 3.9674481247735747)	3
(0.40887827201081184, 3.8186994121703477)	3
(0.46239917521613083, 3.8954358933185356)	3
(0.5246758667969069, 4.118548437099783)	3
(0.52913221717079, 4.002557025118084)	3
(0.5570140363978819, 3.873192016386006)	3
(0.633511756079512, 3.9734710487644733)	3
(0.4924095698306617, 4.0019355056195565)	3
(0.35721681307667014, 3.83569412721628)	3
(0.4602456560313859, 4.018997811120669)	3
(0.6205587120507039, 3.968728435716189)	3
(0.4208747140322008, 4.225817129472961)	3
(0.36180676877509027, 4.079411692983216)	3
(0.7157336217916586, 3.8567526012642546)	3
(0.6934092367728473, 3.906543455607104)	3
(0.38017235863397886, 3.968083061632188)	3
(0.6203940105976726, 3.941003653033893)	3
(0.32952217745325046, 3.8225482941441924)	3
(0.45942588225236075, 4.093144795785467)	3
(0.39423707848060996, 3.9836057830461313)	3
(0.39047120500674604, 4.1020240341506815)	3
(0.46110492388049457, 4.044585847879607)	3
(0.47627786527974714, 3.943160406804597)	3
(0.5871438344860116, 4.292411102864347)	3
(0.4743378003517113, 3.76481922383573)	3
(0.4367933847349356, 4.096536062871233)	3
(0.47016137230328625, 3.9667753471382157)	3
(0.44935984275980384, 3.8429041053760744)	3
(0.5373791562718497, 4.037739459900735)	3
(0.5291307306471872, 3.9149932482173546)	3
(0.5519296270249485, 4.074677232971396)	3
(0.2212960873943559, 3.8098543595505725)	3
(0.4315683902732501, 4.03528212385421)	3
(0.30950062260530303, 3.9013319533090742)	3
(0.419204573572909, 3.994636840143743)	3
(0.6546634959289563, 4.026928192377117)	3
(0.5418093998264372, 3.961292770260012)	3
(0.6184877321179882, 3.956926224293985)	3
(0.5887707882181126, 3.784695679366146)	3
(0.6411455218207748, 4.067481260760368)	3
(0.43202867679123813, 4.029918125457158)	3
(0.6680649119664516, 4.031292183174019)	3
(0.7031649415402447, 3.9127019016507347)	3
(0.5304392291716988, 3.766153816480901)	3
(0.44100169037249776, 3.8031107662839196)	3
(0.38435775767482533, 4.057403487804466)	3
(0.48237590306044187, 3.9528922991697217)	3
(0.6603669820307215, 3.8599750464440263)	3
(0.621266493574099, 3.9329821037406663)	3
(0.45320524665165457, 3.8302114933768627)	3
(0.5610903843713114, 3.993570603398152)	3
(0.5222562626460112, 3.774743304995279)	3
(0.6092605438062166, 3.890192695557964)	3
(0.44977875558421465, 3.889789315715337)	3
(0.4592176587204668, 4.173930532220029)	3
(0.6483691839763612, 4.013222980369522)	3
(0.5650738239473051, 4.04329924070958)	3
(0.6018141148159994, 4.051285927845628)	3
(0.3268956637818138, 4.034685609905322)	3
(0.5808788739792016, 3.695050797167499)	3
(0.4532787161290881, 4.09764316698555)	3
(0.5920911471209068, 3.9196774419155753)	3
(0.1339192744169717, 3.985262468166424)	3
(0.3626286476200223, 3.827744460358833)	3
(0.5987619058216209, 4.008541547187454)	3
(0.5934279295278732, 3.710962351720908)	3
(0.5127414189664445, 3.9957125376521923)	3
(0.47208005850029844, 3.869586850898881)	3
(0.7297394266271326, 3.9853064726131153)	3
(0.5827083028345024, 4.0229844850919445)	3
(0.5303999315113518, 4.03487690053845)	3
(0.36964289175500703, 4.043753098979518)	3
(0.558325365666677, 4.075390971163849)	3
(0.40564338364000113, 3.8376422129750596)	3
(0.418352284055811, 3.9541197223019724)	3
(0.4682532549355647, 3.937920203926454)	3
(0.605721781667126, 3.9689384125328147)	3
(0.4780334226430132, 4.086050432183833)	3
(0.4763067564681513, 3.7599974906391247)	3
(0.3798854196798451, 3.890043207039702)	3
(0.5737481419901143, 4.051172970818655)	3
(1.8175749534606498, 2.280292284384684)	4
(2.2107807498155094, 2.4833171939990932)	4
(2.032407429613219, 2.6159853783965703)	4
(2.3684149476388945, 1.9963622782354868)	4
(2.209285405459449, 2.3456517351327277)	4
(2.918906574026207, 2.3019088914320287)	4
(2.3986355878719343, 2.747632661129259)	4
(1.8732081159608815, 2.7562696566537466)	4
(2.3961973820535025, 2.5115918530435652)	4
(1.6733120015151703, 2.1303547142172357)	4
(2.5843125008021404, 2.308658417609429)	4
(2.895807760786251, 2.347098880018398)	4
(2.4182670558831627, 2.0170697063267236)	4
(2.1757404097966595, 2.5750733626338254)	4
(2.295039091999274, 1.703079017960095)	4
(2.301953291281599, 2.2472604063192216)	4
(2.5536576593087954, 2.1024321379833277)	4
(2.2531613423888905, 2.3289983389747646)	4
(1.5676816676226584, 2.2388897810074866)	4
(2.8172245261618296, 2.818419826742107)	4
(2.731346980799882, 2.598195378059402)	4
(2.524577084541333, 2.5269920490320787)	4
(2.0498401214074513, 2.9378724406630354)	4
(2.422158049460279, 2.4017525004925457)	4
(1.8490449786065606, 2.4867320016348033)	4
(2.2699644083416994, 2.2215620197803876)	4
(2.382161320833084, 2.858631389377196)	4
(2.479303573806926, 2.896957397661442)	4
(2.421546281442427, 2.3699400223715745)	4
(1.912893438248667, 2.659189258474949)	4
(2.040787925799401, 2.502241887178863)	4
(2.5524362129079696, 3.0581458158974875)	4
(2.518131002415377, 2.361944421591309)	4
(2.691998444919496, 2.618437078680216)	4
(2.2961751076421812, 2.5848244187593266)	4
(2.3896297728539495, 2.4651693787407556)	4
(1.8372622854071838, 2.482949474443638)	4
(1.9920259463772172, 2.6047533809446457)	4
(2.0947139487517856, 2.9703889852182703)	4
(2.7478225152848523, 2.74401189759547)	4
(2.1877820815192375, 2.6000324548522644)	4
(2.160787620087866, 2.411206119176104)	4
(2.351711976934349, 1.9225248182552017)	4
(2.2490635272246626, 1.9647877537635052)	4
(2.0818492727138826, 1.7797977333540527)	4
(2.157524709101895, 2.6394041261606063)	4
(2.6240653144989516, 2.6462464924445817)	4
(2.0026451996967145, 2.013517898212982)	4
(2.126365542779134, 2.0967347509993552)	4
(2.0927460442401937, 2.262738677030987)	4
(1.9870648821375008, 2.6795770981091414)	4
(2.3264032071192484, 2.6698691310814664)	4
(2.6184333140556406, 2.5011123256709635)	4
(2.5512799068720424, 2.611359575847524)	4
(2.211542286691264, 2.550718900472876)	4
(1.8674426847327692, 2.9610390539345133)	4
(2.056033790688935, 2.19180634083556)	4
(2.142549307945221, 2.577990250692457)	4
(2.0608331125455175, 2.2124969808921096)	4
(2.296573036323707, 2.653027619179265)	4
(1.3651011790343341, 2.977327887365846)	4
(2.4410180963562653, 2.4652137046042846)	4
(1.8906951772532694, 2.8130057929006353)	4
(2.017879092988775, 2.259518122826673)	4
(2.408161706403891, 2.3476526065599033)	4
(2.2221514083757214, 2.26748779168339)	4
(2.055157277020368, 2.3627567723997265)	4
(2.385150830627676, 2.677322345156491)	4
(2.2508389361687873, 2.921879789217672)	4
(1.626965942896895, 2.237968069265722)	4
(1.5759637122217596, 2.3242985753286627)	4
(2.3741923827647384, 2.3522167695592806)	4
(2.670156694063152, 2.7054988297249625)	4
(2.248115798239603, 2.378045941860285)	4
(2.2799435159997117, 2.504552644663991)	4
(2.5181742420558457, 2.0128157933965016)	4
(2.240884945032333, 2.3802663940225464)	4
(2.255388057771361, 2.678982785942074)	4
(1.6705924129315894, 2.494822024089548)	4
(2.1786303718083317, 2.4358634544937816)	4
(2.315824378083791, 2.4797710838222318)	4
(2.414241050397387, 2.4672922262330026)	4
(2.4278205493843217, 2.781081312410052)	4
(2.4829079187451466, 2.332774644705069)	4
(2.3946686617191344, 2.3118478809236604)	4
(2.6629823724339223, 2.1606837563346812)	4
(2.608184761817318, 2.1440445206492282)	4
(2.8328492927551236, 2.216354580323183)	4
(2.429489352630944, 2.262390694724062)	4
(2.488957942681921, 2.906993855668971)	4
(2.148881696863448, 1.923108295135175)	4
(1.9343433363156692, 2.822142586857343)	4
(2.0619164679678286, 2.532475399688651)	4
(2.0788149381304946, 2.466493140121637)	4
(2.1423342106195555, 2.252911411396751)	4
(2.326414826055023, 2.6798439292651706)	4
(2.693630500418627, 2.4287155647770833)	4
(2.8771472103768856, 2.620934417461121)	4
(2.815542857974102, 2.720719442058306)	4
(2.1427307093322865, 2.264097742563002)	4
(2.2303078482432857, 2.436271569468281)	4
(2.354574551656748, 2.3821445355077664)	4
(2.246056194991115, 2.1346580966720983)	4
(2.602629189705714, 2.0833636846696213)	4
(2.137379160310228, 2.8733382931036577)	4
(2.5783853974892406, 1.95873988719354)	4
(2.0275391393047304, 2.166506287773803)	4
(2.164998583212051, 2.463907493302819)	4
(1.6960652046835336, 2.268586491075184)	4
(2.486381600758441, 2.7259430905284496)	4
(2.3324909713451927, 2.416089982760026)	4
(2.3404382813832063, 2.398115760510365)	4
(2.0088267240523914, 2.3964521927538898)	4
(2.6269405296680555, 2.7992989008698155)	4
(2.635043401061632, 2.179680320790278)	4
(2.392573506444319, 2.460598059766534)	4
(2.513965301568758, 2.0972432167859165)	4
(2.0492527617227663, 2.6396754900473125)	4
(2.16352087473407, 2.7740480040872835)	4
(2.4769945318389848, 2.3919540789639497)	4
(2.23693741115629, 2.8756939991211476)	4
(2.364774760434472, 2.6137051288362185)	4
(2.502213384998653, 2.5078129361355175)	4
(2.290541488697593, 2.6145399258476383)	4
(2.5003853973289454, 1.8427204007248417)	4
(1.4805473294869613, 2.234609849431118)	4
(2.518477452116743, 2.3263530467267963)	4
(2.701955134766828, 2.704551081996695)	4
(2.3921125304913597, 3.1325912893654384)	4
(2.7425349537018326, 2.550828911105238)	4
(2.390271257598627, 2.504205541400886)	4
(2.2091009231653107, 2.523540171408982)	4
(2.5223402475238714, 2.703041839364451)	4
(2.3658172085870897, 2.71189750875424)	4
(2.455347821736681, 2.1086809573551553)	4
(2.307517314652047, 2.2659075395119697)	4
(2.284477575831834, 2.8267468326147798)	4
(2.3884299931527084, 2.485321993769345)	4
(1.775145780146877, 2.256488351245467)	4
(2.1048573373412274, 2.5608385060339818)	4
(1.8763330122879363, 2.621078947392304)	4
(2.666850721933611, 2.4148608860154135)	4
(2.18286159713282, 2.5340715739230855)	4
(2.2844065651746455, 1.8466262668305333)	4
(1.96982863460725, 1.9197147394458167)	4
(2.3036366084024573, 2.4885333989926215)	4
(2.021521917791684, 2.7133612115691985)	4
(2.2145020699541345, 2.4602294910459337)	4
(1.7435047176376672, 2.76911990312633)	4
(2.589863848010196, 1.8047547282613587)	4
(2.4869897697524306, 2.169321571165658)	4
(3.146384096479175, 2.3555141936472044)	4
(2.542084014488003, 2.4289364112119753)	4
(2.050624942866583, 2.526136446974862)	4
(2.1309832995943077, 2.5678549580147387)	4
(2.267901937348896, 2.858262429477967)	4
(2.3319318603808936, 2.6532028434520734)	4
(1.868135460112958, 2.339654545331871)	4
(2.4042409707218395, 2.218745395609244)	4
(2.197677592314547, 2.8029403505250476)	4
(1.6653157953560631, 2.2222889281008618)	4
(2.1551709752887493, 2.4454042725125693)	4
(2.5286620623763323, 2.72901392299452)	4
(2.445034607827171, 2.411282255913636)	4
(1.8807775645024785, 2.5142862135823427)	4
(1.815747093275013, 3.027221347647381)	4
(2.005476545239366, 3.069999478784169)	4
(2.7052935424374063, 2.5271818336096468)	4
(1.4222552666397408, 2.7409669807012884)	4
(2.3965618785654943, 2.4904402049722765)	4
(2.659637251494285, 2.3452058690952753)	4
(2.475506445794716, 2.6602991795190922)	4
(2.2393074406603843, 2.3914230554675107)	4
(1.8502861958000374, 2.6853645995965154)	4
(2.0104375866539694, 2.245778700851801)	4
(2.376061464402883, 2.668303619627386)	4
(2.2911294360618575, 2.6616790486640625)	4
(2.490951966012557, 1.8134722363248639)	4
(1.9542329766979971, 2.4659040955419576)	4
(2.5113420920639795, 1.9959587994631907)	4
(2.1552126170456796, 2.744662542619837)	4
(1.9584819037406014, 2.703967865114922)	4
(2.294937206485706, 2.3888375924118095)	4
(2.2616025252747654, 2.0680584579414436)	4
(2.7035938058801547, 2.4467893187414087)	4
(2.3567343562129155, 2.4905240164453635)	4
(2.2348417071990783, 2.935519828677557)	4
(2.4294617187585543, 2.2268070004937224)	4
(2.121421426982158, 3.154940769489876)	4
(2.8348059416227693, 2.5802386561247546)	4
(2.3722904747171527, 2.3393766963738223)	4
(2.618176967792575, 2.7300388418788466)	4
(2.33341443859601, 2.2624406109543607)	4
(2.4106788763731215, 2.5183028699857424)	4
(2.2820971844595803, 1.9332543058262246)	4
(2.8520820565097837, 2.598267937393563)	4
(2.581953782299236, 2.9195713629394153)	4
(2.1008670520081347, 2.299946399282204)	4
(1.9135709756559955, 2.6877410804987942)	4
(2.027471566909769, 2.331062024420225)	4
(2.2939861660796743, 2.6983971569781158)	4
(1.8954905797580008, 2.5842040609089074)	4
(2.1233766179435025, 2.5308127920613925)	4
(2.182021661281847, 2.851066281482804)	4
(2.3105725781569624, 2.4580684278514418)	4
(2.305848775374961, 2.50811107301546)	4
(2.5998442578493797, 3.0541856957884645)	4
(2.190751083141096, 2.675778703824673)	4
(2.1537539768144263, 2.413604786752238)	4
(2.1204683801088415, 2.5215090270919904)	4
(2.7980501889987646, 2.3306402485480917)	4
(2.4590768701153785, 2.301908102111888)	4
(2.4091023791944637, 2.0240005124045304)	4
(1.886998121691542, 2.561166576586374)	4
(2.379425549087852, 1.9112920798739081)	4
(2.4324073092977434, 2.6253231208619368)	4
(2.3430749690000785, 1.960525530252971)	4
(2.842525140544042, 2.194447566733582)	4
(2.2714862939314493, 2.3622039714994494)	4
(2.8037556081656962, 2.7967044031044894)	4
(1.9683620911693316, 2.677377560654519)	4
(2.041929272642615, 2.4350310475097134)	4
(1.9824888644701701, 2.3307021355432354)	4
(2.146375181603899, 2.383484558168124)	4
(1.8390805103758272, 2.528495291408072)	4
(2.8551090709845424, 2.63318239295991)	4
(2.271092243662988, 2.3099794869182113)	4
(1.9988039421108077, 2.7523170347367194)	4
(1.8483089119980942, 1.966604948873689)	4
(2.3384298725848076, 2.4788527648987366)	4
(2.4463951534018893, 2.226852073916797)	4
(1.7025602506340194, 3.0815245492910472)	4
(1.8325970661304305, 2.8357085053743836)	4
(2.6133907288405576, 2.98890524076482)	4
(2.7398624804236813, 2.390028146259533)	4
(2.3043070106051378, 2.6965484058267895)	4
(2.483723764876627, 2.5530393149424904)	4
(2.3801671556783006, 1.6505237933434844)	4
(2.1011576511297196, 2.520923266213665)	4
(2.415165159467861, 2.6471565629149816)	4
(1.8595903334948352, 2.267011648575105)	4
(2.62572428020375, 3.1151682921105137)	4
(2.327990622194143, 2.780516043536762)	4
(2.3404188235558143, 3.0659420518574656)	4
(2.0281635051384455, 2.2373527475830377)	4
(2.4529650306528805, 2.563591341580093)	4
(2.712146556602129, 2.5705715107576173)	4
(2.58162666967206, 1.8904309404383135)	4
(2.452167218846915, 2.4974923618525624)	4
(2.4312586395109568, 2.468634832038249)	4
(2.4892391500214153, 2.623148511764932)	4
(2.4114190666983206, 2.823125123382445)	4
(2.0204053309186816, 2.1859229318152265)	4
(2.3554458496564967, 2.1056023056004327)	4
(2.0009772600568354, 2.599006025923091)	4
(1.993007832385726, 2.7071786896971934)	4
(2.5390435160933564, 2.65017341614853)	4
(2.1857835724818977, 2.351175420314554)	4
(2.4267526765459935, 2.7071455775085713)	4
(1.9903946233068246, 2.485553550035602)	4
(2.204700051639229, 2.352930808726981)	4
(2.2439302741477536, 2.41764299406613)	4
(2.317228873154493, 2.190157445690873)	4
(2.7163953050108613, 2.869900081260407)	4
(2.148473047952666, 2.7077854261243335)	4
(1.9360489368626885, 2.218815138229548)	4
(2.682746702875793, 3.1133133066895593)	4
(2.5643987274948485, 2.6139617980795324)	4
(2.6040067627177756, 2.2239798551668093)	4
(2.373196599482786, 2.650912955816352)	4
(2.578022666862983, 2.298666385432889)	4
(2.517858970752636, 2.3917655485968017)	4
(2.5996832120498805, 2.7836461211276338)	4
(2.2976804085501508, 2.694655961020041)	4
(2.103496781323248, 2.8837494705974143)	4
(1.9694422423495122, 2.331995873248206)	4
(2.1338030935417716, 2.8606895742836405)	4
(2.538385577713627, 2.5045893325328685)	4
(2.1426434638025627, 2.1836281518690956)	4
(2.4784199210368683, 2.507357677930935)	4
(1.7542882831165667, 2.435266199193412)	4
(1.3413939836357194, 1.9085782965377387)	4
(2.150665233835077, 2.6458851195336086)	4
(2.3609553208239937, 2.8262591196545537)	4
(2.1062609334417357, 2.458221401374183)	4
(1.7049330525769948, 2.151944192610951)	4
(2.01688179694541, 2.3026662458038043)	4
(2.319655172723889, 2.176756571805327)	4
(1.9375920735533665, 2.3764565245141513)	4
(1.8941889595186514, 2.738210988291929)	4
(2.303088062524851, 2.0716005252188086)	4
(3.0505957664247214, 2.295531263738649)	4
(2.166286030917362, 3.0219345585207535)	4
(2.151638636261907, 2.14573442799752)	4
(1.9195276307355231, 2.3331971223991608)	4
(2.423795094432952, 2.7337287477587915)	4
(2.0781345793217385, 2.696377578132249)	4
(2.1421746556520143, 2.5859778944832583)	4
(1.7508053627503275, 2.5481505262179214)	4
(1.562450173093692, 2.379997521034238)	4
